1.0 1.8 10.0 0.1 1.0027706774344918 1.0025478395061729 7
1.0 1.8 10.0 0.1 1.0823472924538786 1.0821067708333334 9
1.0 1.8 10.0 0.1 1.051711491442543 1.0514777777777777 6
1.0 1.8 10.0 0.1 0.8003861969326517 0.8002083333333334 3
1.0 1.8 10.0 0.1 1.0021497832851745 1.0019270833333331 5
1.0 1.8 10.0 0.1 0.863383220962683 0.8631913580246914 4
1.0 1.8 10.0 0.1 1.0575354613950494 1.0573004535147392 8
1.0 1.8 10.0 0.1 1.0457413032800154 1.045508916323731 10
1.0 1.8 10.0 0.1 1.03502750775649 1.0347975016436552 14
1.0 1.8 10.0 0.1 1.0265219635584768 1.0262938475665748 12
1.0 1.8 10.0 0.1 1.0150014046331284 1.0147758487654321 13
1.0 1.8 10.0 0.1 1.0161064703721008 1.0158806689342403 15
1.0 1.8 10.0 0.1 1.0302372749499888 1.0300083333333334 11
1.0 1.8 10.0 0.1 1.0235041380723493 1.0232766927083332 17
1.0 1.8 10.0 0.1 1.0083450643352843 1.008120987654321 16
1.0 1.8 10.0 0.1 1.0282431082339714 1.0280146097654748 18
1.0 1.8 10.0 0.1 0.9576470184454678 0.9574342079969242 35
1.0 1.8 10.0 0.1 0.9764525555817795 0.9762355661249835 30
1.0 1.8 10.0 0.1 0.9940177534065743 0.993796860572484 20
1.0 1.8 10.0 0.1 1.021645928176083 1.0214188957475994 19
1.0 1.8 10.0 0.1 0.9308342989635625 0.9306274468971262 50
1.0 1.8 10.0 0.1 0.9516642897778876 0.9514528088246038 40
1.0 1.8 10.0 0.2 1.1430893631210404 1.1427083333333334 3
1.0 1.8 10.0 0.2 0.9242957529052892 0.9239876543209877 4
1.0 1.8 10.0 0.2 1.1921091752806492 1.1917118055555556 5
1.0 1.8 10.0 0.2 1.1279570968100479 1.1275811111111111 6
1.0 1.8 10.0 0.2 1.2274477294900767 1.2270385802469135 7
1.0 1.8 10.0 0.2 1.154462485227502 1.1540776643990929 8
1.0 1.8 10.0 0.2 1.1100271270979216 1.1096571180555557 9
1.0 1.8 10.0 0.2 1.1529693711346858 1.1525850480109738 10
1.0 1.8 10.0 0.2 1.091057574747138 1.0906938888888889 11
1.0 1.8 10.0 0.2 1.108357055657671 1.1079876033057852 12
1.0 1.8 10.0 0.2 1.1120886746199348 1.1117179783950617 13
1.0 1.8 10.0 0.2 1.0521212527778816 1.0517705456936224 14
1.0 1.8 10.0 0.2 1.0564896348669512 1.0561374716553287 15
1.0 1.8 10.0 0.2 1.0534095315722525 1.0530583950617285 16
1.0 1.8 10.0 0.2 1.0584059703929087 1.0580531684027779 17
1.0 1.8 10.0 0.2 1.027363792544458 1.0270213379469435 18
1.0 1.8 10.0 0.2 1.0505520015588188 1.050201817558299 19
1.0 1.8 10.0 0.2 1.0112312753066042 1.0108941982148354 20
1.0 1.8 10.0 0.2 0.8988759822563399 0.8985763569289211 40
1.0 1.8 10.0 0.2 0.9650815366253013 0.9647598427797597 30
1.0 1.8 10.0 0.2 0.9293706802690478 0.9290608900422914 35
1.0 1.8 10.0 0.2 0.8673938908878738 0.8671047595909112 50
1.0 1.8 10.0 0.3 0.9852243782707358 0.9855895297660412 3
1.0 1.8 10.0 0.3 1.608000535152853 1.6085965047744062 4
1.0 1.8 10.0 0.3 1.635554925207243 1.6361611072504052 5
1.0 1.8 10.0 0.3 1.771101375445746 1.7717577947648828 6
1.0 1.8 10.0 0.3 1.6140804375903717 1.6146786605924897 7
1.0 1.8 10.0 0.3 1.5057260620174524 1.5062841258810682 8
1.0 1.8 10.0 0.3 1.400050218820914 1.4005691162844567 9
1.0 1.8 10.0 0.3 1.3734366361297927 1.373945669861043 10
1.0 1.8 10.0 0.3 1.2930261681835216 1.2935053995638999 12
1.0 1.8 10.0 0.3 1.3956003334413927 1.3961175816539264 11
1.0 1.8 10.0 0.3 1.2843634382541667 1.2848394589864358 13
1.0 1.8 10.0 0.3 1.2465492734468795 1.2470112792002996 14
1.0 1.8 10.0 0.3 1.201561164369111 1.2020064962808532 16
1.0 1.8 10.0 0.3 1.227353110465693 1.2278080015884045 15
1.0 1.8 10.0 0.3 1.1653763300027786 1.1658082508107481 17
1.0 1.8 10.0 0.3 1.1572320069765016 1.1576609092723464 18
1.0 1.8 10.0 0.3 1.115621003148597 1.1160344832516866 19
1.0 1.8 10.0 0.3 1.0955996948328768 1.0960057544834987 20
1.0 1.8 10.0 0.3 0.9620184195642298 0.9623749702872557 30
1.0 1.8 10.0 0.3 0.9029582587718658 0.9032929201603381 35
1.0 1.8 10.0 0.3 0.8134105656473545 0.8137120381757389 50
1.0 1.8 10.0 0.3 0.8587059513192984 0.8590242115745939 40
1.0 1.8 10.0 0.4 1.1365262514414327 1.1369527449617791 3
1.0 1.8 10.0 0.4 1.8285748688238375 1.8292610609219366 4
1.0 1.8 10.0 0.4 1.8754280881392666 1.8761318624044474 5
1.0 1.8 10.0 0.4 1.8941556330494465 1.8948664350243223 6
1.0 1.8 10.0 0.4 1.7041705452204643 1.7048100532777395 7
1.0 1.8 10.0 0.4 1.569716289755826 1.5703053424288407 8
1.0 1.8 10.0 0.4 1.5074017986198267 1.507967467119656 10
1.0 1.8 10.0 0.4 1.47831821276241 1.4788729673384293 11
1.0 1.8 10.0 0.4 1.5073276445948012 1.5078932852675466 9
1.0 1.8 10.0 0.4 1.3944477442690886 1.3949710255629773 12
1.0 1.8 10.0 0.4 1.3795590373776814 1.380076731526523 13
1.0 1.8 10.0 0.4 1.3099171308257327 1.310408691111102 14
1.0 1.8 10.0 0.4 1.2457606922619553 1.2462281771638468 15
1.0 1.8 10.0 0.4 1.221991654741561 1.2224502200602272 16
1.0 1.8 10.0 0.4 1.2285970583485004 1.2290581024148715 17
1.0 1.8 10.0 0.4 1.2001789018243187 1.200629281676289 18
1.0 1.8 10.0 0.4 1.1968762912432418 1.1973254317555915 19
1.0 1.8 10.0 0.4 1.1297901526484087 1.1302141183762962 20
1.0 1.8 10.0 0.4 0.8816402351327819 0.8819710799743189 35
1.0 1.8 10.0 0.4 0.9371707903058014 0.9375224735766597 30
1.0 1.8 10.0 0.4 0.8220186160169125 0.8223270872140279 40
1.0 1.8 10.0 0.4 0.7533280811040701 0.7536107754500021 50
1.0 1.8 10.0 0.5 1.8754280881392666 1.8761318624044474 5
1.0 1.8 10.0 0.5 1.1365262514414327 1.1369527449617791 3
1.0 1.8 10.0 0.5 1.8285748688238375 1.8292610609219366 4
1.0 1.8 10.0 0.5 1.8941556330494465 1.8948664350243223 6
1.0 1.8 10.0 0.5 1.7041705452204643 1.7048100532777395 7
1.0 1.8 10.0 0.5 1.569716289755826 1.5703053424288407 8
1.0 1.8 10.0 0.5 1.5073276445948012 1.5078932852675466 9
1.0 1.8 10.0 0.5 1.5074017986198267 1.507967467119656 10
1.0 1.8 10.0 0.5 1.3944477442690886 1.3949710255629773 12
1.0 1.8 10.0 0.5 1.3795590373776814 1.380076731526523 13
1.0 1.8 10.0 0.5 1.47831821276241 1.4788729673384293 11
1.0 1.8 10.0 0.5 1.3099171308257327 1.310408691111102 14
1.0 1.8 10.0 0.5 1.2457606922619553 1.2462281771638468 15
1.0 1.8 10.0 0.5 1.221991654741561 1.2224502200602272 16
1.0 1.8 10.0 0.5 1.2285970583485004 1.2290581024148715 17
1.0 1.8 10.0 0.5 1.2001789018243187 1.200629281676289 18
1.0 1.8 10.0 0.5 1.1297901526484087 1.1302141183762962 20
1.0 1.8 10.0 0.5 1.1968762912432418 1.1973254317555915 19
1.0 1.8 10.0 0.5 0.9371707903058014 0.9375224735766597 30
1.0 1.8 10.0 0.5 0.8816402351327819 0.8819710799743189 35
1.0 1.8 10.0 0.5 0.8220186160169125 0.8223270872140279 40
1.0 1.8 10.0 0.5 0.7533280811040701 0.7536107754500021 50
1.0 1.8 10.0 0.6 3.3468197281940757 3.3469687658642155 3
1.0 1.8 10.0 0.6 2.5364317704591643 2.536544720636419 4
1.0 1.8 10.0 0.6 3.2661418164330374 3.266287261424462 5
1.0 1.8 10.0 0.6 2.6040795824947014 2.6041955451055836 6
1.0 1.8 10.0 0.6 2.551960568943986 2.5520742106362113 7
1.0 1.8 10.0 0.6 2.546556769939153 2.5466701709940933 8
1.0 1.8 10.0 0.6 2.3751847959674404 2.375290565634435 9
1.0 1.8 10.0 0.6 2.145795139967759 2.145890694653768 10
1.0 1.8 10.0 0.6 1.9896685250164756 1.9897571272076304 11
1.0 1.8 10.0 0.6 1.9358114160372355 1.935897619910377 12
1.0 1.8 10.0 0.6 1.7972953984567182 1.7973754340548367 13
1.0 1.8 10.0 0.6 1.636668136431496 1.6367410191158516 15
1.0 1.8 10.0 0.6 1.5374635405225154 1.5375320055139439 16
1.0 1.8 10.0 0.6 1.7105228544143458 1.7105990259328758 14
1.0 1.8 10.0 0.6 1.5036024081363661 1.5036693652532487 17
1.0 1.8 10.0 0.6 1.4082344534566238 1.4082971637305552 18
1.0 1.8 10.0 0.6 1.345233940754902 1.345293845544704 19
1.0 1.8 10.0 0.6 1.2898258221992782 1.2898832596028549 20
1.0 1.8 10.0 0.6 0.9243425512095272 0.924383713229424 30
1.0 1.8 10.0 0.6 0.8123720095132753 0.8124081853582317 35
1.0 1.8 10.0 0.6 0.6412914749888655 0.6413200324240054 50
1.0 1.8 10.0 0.6 0.7326240030228061 0.7326566275987816 40
1.0 1.8 10.0 0.7 2.704674091656016 2.704319873003274 3
1.0 1.8 10.0 0.7 4.0199975479365175 4.019471067455987 4
1.0 1.8 10.0 0.7 2.8481704122377374 2.8477974005357676 5
1.0 1.8 10.0 0.7 2.8766039802811756 2.8762272447663464 6
1.0 1.8 10.0 0.7 2.8202465470447775 2.819877192402244 7
1.0 1.8 10.0 0.7 2.7394672469967576 2.7391084716454297 8
1.0 1.8 10.0 0.7 2.450186699716601 2.449865810100208 9
1.0 1.8 10.0 0.7 2.342988210788471 2.3426813604622247 10
1.0 1.8 10.0 0.7 2.213330210921561 2.2130403413037008 11
1.0 1.8 10.0 0.7 2.0159957450524324 2.0157317194166087 12
1.0 1.8 10.0 0.7 1.899582597934798 1.8993338183902724 13
1.0 1.8 10.0 0.7 1.8036973288536076 1.8034611069591648 14
1.0 1.8 10.0 0.7 1.6901140511931885 1.6898927047751335 15
1.0 1.8 10.0 0.7 1.5926202415194322 1.5924116634145804 16
1.0 1.8 10.0 0.7 1.4805659015765533 1.4803719987101893 17
1.0 1.8 10.0 0.7 1.4191294206534442 1.4189435638387533 18
1.0 1.8 10.0 0.7 1.3387695737535514 1.3385942412962288 19
1.0 1.8 10.0 0.7 1.2886385207904443 1.2884697537651997 20
1.0 1.8 10.0 0.7 0.8646904095124621 0.8645771650099765 30
1.0 1.8 10.0 0.7 0.7485178180873673 0.7484197881717134 35
1.0 1.8 10.0 0.7 0.5716066863739497 0.5715318256907459 50
1.0 1.8 10.0 0.7 0.6629282014758404 0.6628413808362978 40
1.0 1.8 10.0 0.8 4.242530755711775 4.243474031613688 3
1.0 1.8 10.0 0.8 3.4723198594024605 3.473091888136182 5
1.0 1.8 10.0 0.8 3.624268975380766 3.625074788180573 4
1.0 1.8 10.0 0.8 3.398362288738998 3.399117873892652 6
1.0 1.8 10.0 0.8 2.4748565083139202 2.4754067630178698 8
1.0 1.8 10.0 0.8 2.681892663935913 2.682488950649451 7
1.0 1.8 10.0 0.8 2.1644734105700456 2.1649546553095855 10
1.0 1.8 10.0 0.8 2.36474910910897 2.365274882751433 9
1.0 1.8 10.0 0.8 1.9498097348513792 1.9502432516935906 11
1.0 1.8 10.0 0.8 1.8014663125128558 1.8018668469717785 12
1.0 1.8 10.0 0.8 1.6776280802986694 1.6780010808098353 13
1.0 1.8 10.0 0.8 1.571009513730123 1.5713588088799537 14
1.0 1.8 10.0 0.8 1.4747735753859608 1.4751014736274914 15
1.0 1.8 10.0 0.8 1.395625885198744 1.3959361858992918 16
1.0 1.8 10.0 0.8 1.2809939556603709 1.2812787693243006 17
1.0 1.8 10.0 0.8 1.2033457799405833 1.2036133294626132 18
1.0 1.8 10.0 0.8 1.0728498354877707 1.0730883707994652 20
1.0 1.8 10.0 0.8 1.135401715035448 1.1356541580083934 19
1.0 1.8 10.0 0.8 0.702791931435927 0.702948188804737 30
1.0 1.8 10.0 0.8 0.6029127594401567 0.6030468098712987 35
1.0 1.8 10.0 0.8 0.5392812642108773 0.5394011669411518 40
1.0 1.8 10.0 0.8 0.4669200281840606 0.467023842260155 50
1.0 1.8 10.0 0.9 2.077510504316993 2.0772732028161527 7
1.0 1.8 10.0 0.9 2.560362301165835 2.560069846415065 5
1.0 1.8 10.0 0.9 4.21707040705429 4.216588716523886 3
1.0 1.8 10.0 0.9 2.376098651385664 2.3758272439607935 6
1.0 1.8 10.0 0.9 2.917511265897128 2.9171780161731533 4
1.0 1.8 10.0 0.9 1.931586454173627 1.9313658206973456 8
1.0 1.8 10.0 0.9 1.7494910470594773 1.7492912132438065 9
1.0 1.8 10.0 0.9 1.5754379047657383 1.5752579519912493 10
1.0 1.8 10.0 0.9 1.2404694849934408 1.2403277936422183 13
1.0 1.8 10.0 0.9 1.0639369731738961 1.0638154460672902 15
1.0 1.8 10.0 0.9 1.4829121795188458 1.4827427954001697 11
1.0 1.8 10.0 0.9 1.148363361489266 1.148232190865279 14
1.0 1.8 10.0 0.9 1.351999497428557 1.351845066676362 12
1.0 1.8 10.0 0.9 0.9770702080829037 0.9769586032432062 16
1.0 1.8 10.0 0.9 0.8578661349380118 0.8577681460609794 18
1.0 1.8 10.0 0.9 0.9197293171173367 0.9196242619819402 17
1.0 1.8 10.0 0.9 0.4997093650434968 0.49965228625517655 30
1.0 1.8 10.0 0.9 0.42672509224855715 0.4266763500137399 35
1.0 1.8 10.0 0.9 0.39049339155168705 0.39044878784562115 40
1.0 1.8 10.0 0.9 0.7634922841218803 0.7634050750009032 20
1.0 1.8 10.0 0.9 0.8161520588125877 0.8160588346830018 19
1.0 1.8 20.0 0.1 1.2338292906559973 1.2335208333333336 3
1.0 1.8 20.0 0.1 1.0444277736100693 1.0441666666666665 4
1.0 1.8 10.0 0.9 0.34815585492575096 0.348116087181266 50
1.0 1.8 20.0 0.1 1.0352202563112434 1.0349614512471654 8
1.0 1.8 20.0 0.1 1.077420466227668 1.0771511111111112 6
1.0 1.8 20.0 0.1 1.061175015976216 1.0609097222222221 7
1.0 1.8 20.0 0.1 1.0435903246644995 1.043329427083333 9
1.0 1.8 20.0 0.1 1.0318256647495205 1.0315677083333334 5
1.0 1.8 20.0 0.1 1.047897776913364 1.0476358024691357 10
1.0 1.8 20.0 0.1 1.070826317690534 1.070558611111111 11
1.0 1.8 20.0 0.1 1.1004247848004243 1.1001496786042242 12
1.0 1.8 20.0 0.1 1.0576922858832623 1.0574278628117915 15
1.0 1.8 20.0 0.1 1.0807406712789307 1.0804704861111112 13
1.0 1.8 20.0 0.1 1.0477829845364037 1.0475210387902694 14
1.0 1.8 20.0 0.1 1.0763846517184852 1.0761155555555555 16
1.0 1.8 20.0 0.1 1.0176492690881054 1.0173948567708333 17
1.0 1.8 20.0 0.1 1.0376390650448086 1.0373796552785473 20
1.0 1.8 20.0 0.1 1.0340778197240585 1.0338193002691272 18
1.0 1.8 20.0 0.1 1.0497894535362235 1.0495270061728394 19
1.0 1.8 20.0 0.1 0.9848269307384976 0.9845807240058133 30
1.0 1.8 20.0 0.1 0.9669396155267193 0.9666978806228375 35
1.0 1.8 20.0 0.1 0.9491593805749267 0.9489220907297832 40
1.0 1.8 20.0 0.1 0.9354224112972106 0.9351885556943865 50
1.0 1.8 20.0 0.2 0.9347069609790656 0.9345381944444445 3
1.0 1.8 20.0 0.2 1.0985193314224946 1.0983209876543212 4
1.0 1.8 20.0 0.2 1.2268595371386501 1.2266380208333334 5
1.0 1.8 20.0 0.2 1.3281498048258715 1.32791 6
1.0 1.8 20.0 0.2 1.2443431144203507 1.2441184413580246 7
1.0 1.8 20.0 0.2 1.2507547422819825 1.2505289115646259 8
1.0 1.8 20.0 0.2 1.2512083344909497 1.2509824218749999 9
1.0 1.8 20.0 0.2 1.2378294692097185 1.2376059722222221 11
1.0 1.8 20.0 0.2 1.214236383901277 1.214017146776406 10
1.0 1.8 20.0 0.2 1.1496894469123042 1.1494818640955007 12
1.0 1.8 20.0 0.2 1.154538011177725 1.1543295529257067 14
1.0 1.8 20.0 0.2 1.1857819042944482 1.1855678047839506 13
1.0 1.8 20.0 0.2 1.149814889416762 1.1496072839506173 16
1.0 1.8 20.0 0.2 1.1467594205643141 1.1465523667800452 15
1.0 1.8 20.0 0.2 1.1394200840950448 1.13921435546875 17
1.0 1.8 20.0 0.2 1.102801769812052 1.1026026528258364 18
1.0 1.8 20.0 0.2 1.1075341192434094 1.1073341478052126 19
1.0 1.8 20.0 0.2 0.9513467397011274 0.9511749687620145 35
1.0 1.8 20.0 0.2 1.085973086784252 1.0857770083102494 20
1.0 1.8 20.0 0.2 0.9835720602677847 0.9833944708680142 30
1.0 1.8 20.0 0.2 0.9297353500719278 0.929567481189276 40
1.0 1.8 20.0 0.2 0.8854121567960689 0.8852522907122031 50
1.0 1.8 20.0 0.3 0.8261083994776375 0.8258865740740741 3
1.0 1.8 20.0 0.3 1.4706685642955568 1.47027366255144 4
1.0 1.8 20.0 0.3 1.477208579155514 1.4768119212962965 5
1.0 1.8 20.0 0.3 1.4516179241545313 1.4512281378600824 7
1.0 1.8 20.0 0.3 1.2920506432282741 1.2917037037037034 6
1.0 1.8 20.0 0.3 1.31433516066956 1.3139822373393801 8
1.0 1.8 20.0 0.3 1.3071720357781256 1.3068210358796295 9
1.0 1.8 20.0 0.3 1.3482998578379128 1.3479378143575673 10
1.0 1.8 20.0 0.3 1.3178330292393328 1.3174791666666668 11
1.0 1.8 20.0 0.3 1.284634510445145 1.2842895622895623 12
1.0 1.8 20.0 0.3 1.2972224923564866 1.2968741640946502 13
1.0 1.8 20.0 0.3 1.2101283715827702 1.2098034297052151 15
1.0 1.8 20.0 0.3 1.1863391301573776 1.1860205761316873 16
1.0 1.8 20.0 0.3 1.2719252523373716 1.2715837168529476 14
1.0 1.8 20.0 0.3 1.1818489962003687 1.1815316478587965 17
1.0 1.8 20.0 0.3 1.1539879396681516 1.1536780725362041 18
1.0 1.8 20.0 0.3 1.1505132951223416 1.1502043609967993 19
1.0 1.8 20.0 0.3 1.1140664091832806 1.1137672617215553 20
1.0 1.8 20.0 0.3 0.9701373219617888 0.9698768221253359 30
1.0 1.8 20.0 0.3 0.931630326277218 0.9313801662821991 35
1.0 1.8 20.0 0.3 0.8860723315829853 0.8858344047532083 40
1.0 1.8 20.0 0.3 0.8311702899876657 0.8309471053727612 50
1.0 1.8 20.0 0.4 1.4756750279597382 1.4757467870788468 3
1.0 1.8 20.0 0.4 2.242544648749279 2.242653699201111 4
1.0 1.8 20.0 0.4 2.007722358065256 2.007819989579715 5
1.0 1.8 20.0 0.4 1.9770259174614642 1.9771220562695382 6
1.0 1.8 20.0 0.4 1.8854501691477312 1.885541854810698 7
1.0 1.8 20.0 0.4 1.7901399159123905 1.7902269668287603 9
1.0 1.8 20.0 0.4 1.8444748169556868 1.844564510069398 8
1.0 1.8 20.0 0.4 1.7520031058657175 1.7520883022654474 10
1.0 1.8 20.0 0.4 1.6588108254548237 1.6588914901007294 11
1.0 1.8 20.0 0.4 1.5133698778107354 1.5134434699548456 13
1.0 1.8 20.0 0.4 1.4884475077267687 1.4885198879459705 14
1.0 1.8 20.0 0.4 1.5739830942400903 1.5740596338834365 12
1.0 1.8 20.0 0.4 1.4497594094495057 1.4498299083440254 15
1.0 1.8 20.0 0.4 1.3980013476246378 1.3980693296283433 16
1.0 1.8 20.0 0.4 1.3475797840240489 1.3476453141281695 17
1.0 1.8 20.0 0.4 1.343165261310609 1.3432305767453376 18
1.0 1.8 20.0 0.4 1.2762389309153275 1.2763009918567405 19
1.0 1.8 20.0 0.4 1.2560357310451875 1.2560968095454814 20
1.0 1.8 20.0 0.4 1.0184806225620435 1.0185301492335121 30
1.0 1.8 20.0 0.4 0.941466968474078 0.9415127501258967 35
1.0 1.8 20.0 0.4 0.8742969064603568 0.8743394217666801 40
1.0 1.8 20.0 0.4 0.7971491857367967 0.797187949504078 50
1.0 1.8 20.0 0.5 2.242544648749279 2.242653699201111 4
1.0 1.8 20.0 0.5 1.4756750279597382 1.4757467870788468 3
1.0 1.8 20.0 0.5 2.007722358065256 2.007819989579715 5
1.0 1.8 20.0 0.5 1.8854501691477312 1.885541854810698 7
1.0 1.8 20.0 0.5 1.9770259174614642 1.9771220562695382 6
1.0 1.8 20.0 0.5 1.8444748169556868 1.844564510069398 8
1.0 1.8 20.0 0.5 1.7901399159123905 1.7902269668287603 9
1.0 1.8 20.0 0.5 1.6588108254548237 1.6588914901007294 11
1.0 1.8 20.0 0.5 1.7520031058657175 1.7520883022654474 10
1.0 1.8 20.0 0.5 1.5739830942400903 1.5740596338834365 12
1.0 1.8 20.0 0.5 1.4884475077267687 1.4885198879459705 14
1.0 1.8 20.0 0.5 1.5133698778107354 1.5134434699548456 13
1.0 1.8 20.0 0.5 1.4497594094495057 1.4498299083440254 15
1.0 1.8 20.0 0.5 1.3980013476246378 1.3980693296283433 16
1.0 1.8 20.0 0.5 1.3475797840240489 1.3476453141281695 17
1.0 1.8 20.0 0.5 1.2762389309153275 1.2763009918567405 19
1.0 1.8 20.0 0.5 1.343165261310609 1.3432305767453376 18
1.0 1.8 20.0 0.5 1.2560357310451875 1.2560968095454814 20
1.0 1.8 20.0 0.5 1.0184806225620435 1.0185301492335121 30
1.0 1.8 20.0 0.5 0.941466968474078 0.9415127501258967 35
1.0 1.8 20.0 0.5 0.8742969064603568 0.8743394217666801 40
1.0 1.8 20.0 0.5 0.7971491857367967 0.797187949504078 50
1.0 1.8 20.0 0.6 6.928401570828529 6.931194116284456 3
1.0 1.8 20.0 0.6 7.311659316271774 7.314606336705015 4
1.0 1.8 20.0 0.6 7.4710809750066 7.474092251563587 5
1.0 1.8 20.0 0.6 6.396104048866105 6.398682047718322 6
1.0 1.8 20.0 0.6 5.319499180059205 5.3216432450518605 7
1.0 1.8 20.0 0.6 4.933980271834765 4.935968950471084 8
1.0 1.8 20.0 0.6 4.376866646869225 4.378630776580959 9
1.0 1.8 20.0 0.6 3.9901647125358988 3.991772979063536 10
1.0 1.8 20.0 0.6 3.602083616980879 3.6035354644428996 11
1.0 1.8 20.0 0.6 3.3389788428114007 3.340324643873826 12
1.0 1.8 20.0 0.6 2.8515589126600673 2.852708255376776 14
1.0 1.8 20.0 0.6 3.1212965985964014 3.1225546611587265 13
1.0 1.8 20.0 0.6 2.6701559922097453 2.6712322190863835 15
1.0 1.8 20.0 0.6 2.4897557672428126 2.490759282423493 16
1.0 1.8 20.0 0.6 2.309472731774777 2.3104035824936298 17
1.0 1.8 20.0 0.6 2.1940440048570493 2.194928331141147 18
1.0 1.8 20.0 0.6 2.051182981067238 2.0520097261186754 19
1.0 1.8 20.0 0.6 1.9473462410941988 1.9481311339502339 20
1.0 1.8 20.0 0.6 1.0628195726957592 1.0632479502858658 35
1.0 1.8 20.0 0.6 1.2478392140368462 1.2483421652141506 30
1.0 1.8 20.0 0.6 0.9337739335099678 0.9341502982642662 40
1.0 1.8 20.0 0.6 0.7689288153072596 0.7692387379708304 50
1.0 1.8 20.0 0.7 28.682940504022895 28.68385134464622 3
1.0 1.8 20.0 0.7 18.773549581304025 18.774145744434517 4
1.0 1.8 20.0 0.7 15.826670434202743 15.827173017763226 5
1.0 1.8 20.0 0.7 11.82085680187457 11.821232178889218 7
1.0 1.8 20.0 0.7 14.129719885842661 14.130168581919222 6
1.0 1.8 20.0 0.7 10.472967181021648 10.473299755150647 8
1.0 1.8 20.0 0.7 8.67168211637618 8.671957489828323 9
1.0 1.8 20.0 0.7 6.726895365037528 6.7271089808474756 11
1.0 1.8 20.0 0.7 7.892544916777551 7.892795548351765 10
1.0 1.8 20.0 0.7 6.035332495098313 6.035524149995448 12
1.0 1.8 20.0 0.7 5.329118174938045 5.329287403658497 13
1.0 1.8 20.0 0.7 4.338886768323649 4.339024551767715 15
1.0 1.8 20.0 0.7 4.825961453027442 4.826114703763272 14
1.0 1.8 20.0 0.7 3.952077523256846 3.95220302338659 16
1.0 1.8 20.0 0.7 3.0661520310147137 3.0662493981527428 19
1.0 1.8 20.0 0.7 3.5955193351258075 3.595633512578148 17
1.0 1.8 20.0 0.7 3.309811224731484 3.3099163293848437 18
1.0 1.8 20.0 0.7 2.840729111320137 2.8408193200445213 20
1.0 1.8 20.0 0.7 1.5714591520338586 1.571509054477904 30
1.0 1.8 20.0 0.7 1.0705531262260477 1.0705871221574155 40
1.0 1.8 20.0 0.7 1.2647684813822293 1.2648086447159639 35
1.0 1.8 20.0 0.7 0.8250219134886874 0.8250481124578561 50
1.0 1.8 20.0 0.8 49.73544518763935 49.726119791666676 3
1.0 1.8 20.0 0.8 43.18880546275266 43.18070756172838 4
1.0 1.8 20.0 0.8 32.186504136192205 32.18046916666667 6
1.0 1.8 20.0 0.8 40.409502562980556 40.40192578125 5
1.0 1.8 20.0 0.8 25.444600530809403 25.439829668209878 7
1.0 1.8 20.0 0.8 16.889615262063025 16.88644845920139 9
1.0 1.8 20.0 0.8 20.54530207407086 20.54144982993197 8
1.0 1.8 20.0 0.8 14.067490963883579 14.064853309327843 10
1.0 1.8 20.0 0.8 11.827383537191 11.825165902777778 11
1.0 1.8 20.0 0.8 10.199637007237296 10.19772457529844 12
1.0 1.8 20.0 0.8 7.657334501040772 7.6558987508218275 14
1.0 1.8 20.0 0.8 8.772869691230683 8.77122477816358 13
1.0 1.8 20.0 0.8 6.74609783693853 6.744832943594105 15
1.0 1.8 20.0 0.8 6.005420429910855 6.004294413580246 16
1.0 1.8 20.0 0.8 4.86780859550343 4.866895881391772 18
1.0 1.8 20.0 0.8 5.403225914103686 5.402212809244792 17
1.0 1.8 20.0 0.8 4.4268072425788345 4.42597721622085 19
1.0 1.8 20.0 0.8 1.9864604105276606 1.986087949200687 30
1.0 1.8 20.0 0.8 4.022049301988044 4.021295167743921 20
1.0 1.8 20.0 0.8 1.5317368654546601 1.5314496647923874 35
1.0 1.8 20.0 0.8 1.2546036178992999 1.254368379720944 40
1.0 1.8 20.0 0.8 0.9050025643286297 0.9048328763478181 50
1.0 1.8 20.0 0.9 19.65140801590462 19.648739100239215 3
1.0 1.8 20.0 0.9 18.375787847823563 18.373292177894385 4
1.0 1.8 20.0 0.9 20.839368630973876 20.836538374874603 6
1.0 1.8 20.0 0.9 25.08107687285255 25.077670537850146 5
1.0 1.8 20.0 0.9 16.681736491207488 16.679470895388018 7
1.0 1.8 20.0 0.9 14.150986677119889 14.149064789894659 8
1.0 1.8 20.0 0.9 11.757978792165616 11.756381906397099 9
1.0 1.8 20.0 0.9 8.48682938650515 8.485676765182498 11
1.0 1.8 20.0 0.9 9.933805976284157 9.932456836804397 10
1.0 1.8 20.0 0.9 7.309012420791276 7.308019762263565 12
1.0 1.8 20.0 0.9 6.379516458237505 6.378650037297116 13
1.0 1.8 20.0 0.9 4.963640609656163 4.962966482989522 15
1.0 1.8 20.0 0.9 5.577785421794937 5.577027886310535 14
1.0 1.8 20.0 0.9 4.440132661996948 4.439529634488258 16
1.0 1.8 20.0 0.9 3.9763289312577372 3.975788894301258 17
1.0 1.8 20.0 0.9 3.2705797713893565 3.2701355843072024 19
1.0 1.8 20.0 0.9 2.9748765876758867 2.974472560915002 20
1.0 1.8 20.0 0.9 3.58431399040201 3.583827194150516 18
1.0 1.8 20.0 0.9 1.4874158235082513 1.487213813179571 30
1.0 1.8 20.0 0.9 1.1488136479874675 1.148657624218623 35
1.0 1.8 20.0 0.9 0.9527912526870281 0.9526618512976671 40
1.0 1.8 20.0 0.9 0.6922723505998678 0.692178331050747 50
1.0 1.8 30.0 0.1 1.0177772528968794 1.0181167477414872 3
1.0 1.8 30.0 0.1 1.0931478342487873 1.0935124700795305 4
1.0 1.8 30.0 0.1 1.1274053824992358 1.127781445448228 5
1.0 1.8 30.0 0.1 1.116289771306305 1.1166621264767198 6
1.0 1.8 30.0 0.1 1.083828448467502 1.084189975677554 9
1.0 1.8 30.0 0.1 1.0395851563177858 1.0399319255151678 8
1.0 1.8 30.0 0.1 1.0806271091721396 1.0809875685275268 7
1.0 1.8 30.0 0.1 1.0758610705443357 1.0762199401161643 10
1.0 1.8 30.0 0.1 1.0669194431322422 1.0672753300903406 11
1.0 1.8 30.0 0.1 1.035565119194277 1.0359105474480734 13
1.0 1.8 30.0 0.1 1.0499590335300237 1.0503092630895057 14
1.0 1.8 30.0 0.1 1.0319428939789324 1.032287113985263 12
1.0 1.8 30.0 0.1 1.0493827703087795 1.0497328076470338 15
1.0 1.8 30.0 0.1 1.0198495135589087 1.0201896996370936 16
1.0 1.8 30.0 0.1 1.0297936364173172 1.0301371395066017 17
1.0 1.8 30.0 0.1 1.0364667440943447 1.0368124730986292 18
1.0 1.8 30.0 0.1 0.9792034493100579 0.9795300772848101 30
1.0 1.8 30.0 0.1 1.0376664652907923 1.0380125944800485 19
1.0 1.8 30.0 0.1 1.0278032841499318 1.028146123327411 20
1.0 1.8 30.0 0.1 0.9589318970720203 0.9592517631669435 35
1.0 1.8 30.0 0.1 0.9378270673822735 0.9381398936451946 50
1.0 1.8 30.0 0.1 0.957867117877891 0.9581866287997682 40
1.0 1.8 30.0 0.2 1.1264222107997721 1.1269388464211256 3
1.0 1.8 30.0 0.2 1.0593272794348048 1.0598131418423287 4
1.0 1.8 30.0 0.2 1.1795988288901547 1.1801398540653232 5
1.0 1.8 30.0 0.2 1.14696525568537 1.1474913134120917 8
1.0 1.8 30.0 0.2 1.1636436380812138 1.1641773453787352 6
1.0 1.8 30.0 0.2 1.2828048134821954 1.2833931742722569 7
1.0 1.8 30.0 0.2 1.121910945987247 1.1224255125086868 9
1.0 1.8 30.0 0.2 1.1472640230726632 1.1477902178295971 10
1.0 1.8 30.0 0.2 1.1349608935443094 1.1354814454482278 11
1.0 1.8 30.0 0.2 1.1643998129494075 1.1649338670679248 12
1.0 1.8 30.0 0.2 1.132250458055683 1.1327697668133734 13
1.0 1.8 30.0 0.2 1.1083446971001618 1.1088530414365663 14
1.0 1.8 30.0 0.2 1.0710202408902103 1.0715114662960388 15
1.0 1.8 30.0 0.2 1.0961485659422674 1.0966513165006564 16
1.0 1.8 30.0 0.2 1.08960975377867 1.0901095052988186 17
1.0 1.8 30.0 0.2 1.0819369259956468 1.0824331583592028 18
1.0 1.8 30.0 0.2 1.0667119534224727 1.0672012028243207 19
1.0 1.8 30.0 0.2 1.0628582933728234 1.0633457752863926 20
1.0 1.8 30.0 0.2 0.9259685949481296 0.9263932921494262 40
1.0 1.8 30.0 0.2 0.9768942835508643 0.977342337913021 30
1.0 1.8 30.0 0.2 0.9577888728725694 0.9582281645029347 35
1.0 1.8 30.0 0.2 0.8833162705366658 0.8837214051708244 50
1.0 1.8 30.0 0.3 1.0988094245783668 1.0990435386753126 3
1.0 1.8 30.0 0.3 1.598652749607155 1.5989933611239773 4
1.0 1.8 30.0 0.3 1.5074017346929325 1.507722904122279 5
1.0 1.8 30.0 0.3 1.4955724116214242 1.4958910606762388 6
1.0 1.8 30.0 0.3 1.434560076149045 1.434865725817886 8
1.0 1.8 30.0 0.3 1.421123075907866 1.4214258626679015 9
1.0 1.8 30.0 0.3 1.4626719951592835 1.462983634398641 7
1.0 1.8 30.0 0.3 1.3776606017073543 1.3779541282829841 10
1.0 1.8 30.0 0.3 1.316042992229539 1.3163233904585456 11
1.0 1.8 30.0 0.3 1.3210950426617984 1.3213765172887664 12
1.0 1.8 30.0 0.3 1.260063975011943 1.2603324462618297 14
1.0 1.8 30.0 0.3 1.3414698196153978 1.3417556353249964 13
1.0 1.8 30.0 0.3 1.227387298449707 1.2276488075545178 15
1.0 1.8 30.0 0.3 1.2416575748875491 1.2419221244403271 16
1.0 1.8 30.0 0.3 1.1997071533508377 1.1999627648795739 17
1.0 1.8 30.0 0.3 1.1753632371953042 1.1756136619702509 18
1.0 1.8 30.0 0.3 1.1512024954112328 1.151447772459815 19
1.0 1.8 30.0 0.3 0.9365315745827397 0.9367311135008998 35
1.0 1.8 30.0 0.3 1.1508714359260792 1.1511166424385968 20
1.0 1.8 30.0 0.3 0.988341241297465 0.9885518188662452 30
1.0 1.8 30.0 0.3 0.8432209630453797 0.8434006210551068 50
1.0 1.8 30.0 0.3 0.8943788288368022 0.8945693866234004 40
1.0 1.8 30.0 0.4 1.7843746092610346 1.7838541666666665 3
1.0 1.8 30.0 0.4 1.98306913590538 1.9824907407407406 4
1.0 1.8 30.0 0.4 1.7990397426006621 1.7985150226757367 8
1.0 1.8 30.0 0.4 1.8329211760837656 1.8323865740740741 7
1.0 1.8 30.0 0.4 1.9511541560732995 1.9505850694444444 5
1.0 1.8 30.0 0.4 1.883016991066839 1.8824677777777779 6
1.0 1.8 30.0 0.4 1.6701357854888745 1.6696486625514404 10
1.0 1.8 30.0 0.4 1.778904697897998 1.7783858506944445 9
1.0 1.8 30.0 0.4 1.6072246071770935 1.6067558333333332 11
1.0 1.8 30.0 0.4 1.5612703383757824 1.5608149678604224 12
1.0 1.8 30.0 0.4 1.5073487869147024 1.5069091435185187 13
1.0 1.8 30.0 0.4 1.448749228386879 1.4483266765285991 14
1.0 1.8 30.0 0.4 1.425686942138169 1.4252711167800454 15
1.0 1.8 30.0 0.4 1.3836376350509636 1.3832340740740738 16
1.0 1.8 30.0 0.4 1.3707705763139248 1.3703707682291664 17
1.0 1.8 30.0 0.4 1.327880666463128 1.3274933679354095 18
1.0 1.8 30.0 0.4 1.3116940486242645 1.3113114711934157 19
1.0 1.8 30.0 0.4 1.271955128186626 1.2715841412742381 20
1.0 1.8 30.0 0.4 1.0332087874949787 1.0329074349319596 30
1.0 1.8 30.0 0.4 0.8840811914432747 0.8838233344291037 40
1.0 1.8 30.0 0.4 0.9540682785651006 0.9537900086505191 35
1.0 1.8 30.0 0.4 0.8110100938263038 0.8107735492156045 50
1.0 1.8 30.0 0.5 1.883016991066839 1.8824677777777779 6
1.0 1.8 30.0 0.5 1.9511541560732995 1.9505850694444444 5
1.0 1.8 30.0 0.5 1.98306913590538 1.9824907407407406 4
1.0 1.8 30.0 0.5 1.7843746092610346 1.7838541666666665 3
1.0 1.8 30.0 0.5 1.778904697897998 1.7783858506944445 9
1.0 1.8 30.0 0.5 1.7990397426006621 1.7985150226757367 8
1.0 1.8 30.0 0.5 1.8329211760837656 1.8323865740740741 7
1.0 1.8 30.0 0.5 1.6701357854888745 1.6696486625514404 10
1.0 1.8 30.0 0.5 1.6072246071770935 1.6067558333333332 11
1.0 1.8 30.0 0.5 1.5612703383757824 1.5608149678604224 12
1.0 1.8 30.0 0.5 1.5073487869147024 1.5069091435185187 13
1.0 1.8 30.0 0.5 1.448749228386879 1.4483266765285991 14
1.0 1.8 30.0 0.5 1.3836376350509636 1.3832340740740738 16
1.0 1.8 30.0 0.5 1.3707705763139248 1.3703707682291664 17
1.0 1.8 30.0 0.5 1.425686942138169 1.4252711167800454 15
1.0 1.8 30.0 0.5 1.327880666463128 1.3274933679354095 18
1.0 1.8 30.0 0.5 1.3116940486242645 1.3113114711934157 19
1.0 1.8 30.0 0.5 1.271955128186626 1.2715841412742381 20
1.0 1.8 30.0 0.5 1.0332087874949787 1.0329074349319596 30
1.0 1.8 30.0 0.5 0.9540682785651006 0.9537900086505191 35
1.0 1.8 30.0 0.5 0.8840811914432747 0.8838233344291037 40
1.0 1.8 30.0 0.6 226.13698817275008 226.18097962019453 3
1.0 1.8 30.0 0.5 0.8110100938263038 0.8107735492156045 50
1.0 1.8 30.0 0.6 213.0653447067577 213.10679326848847 4
1.0 1.8 30.0 0.6 92.55764603458336 92.5756516905975 6
1.0 1.8 30.0 0.6 68.37993612482364 68.39323838196695 7
1.0 1.8 30.0 0.6 53.874035526168306 53.88451588509419 8
1.0 1.8 30.0 0.6 127.48967257411714 127.51447371468272 5
1.0 1.8 30.0 0.6 34.94487751683667 34.95167550134666 10
1.0 1.8 30.0 0.6 43.339455588769205 43.34788660838351 9
1.0 1.8 30.0 0.6 29.14428087171556 29.14995044001853 11
1.0 1.8 30.0 0.6 24.64826742963044 24.65306236817627 12
1.0 1.8 30.0 0.6 9.123050713499527 9.124825461669825 20
1.0 1.8 30.0 0.6 12.476767741743153 12.479194903601206 17
1.0 1.8 30.0 0.6 11.196614726003416 11.19879285392603 18
1.0 1.8 30.0 0.6 14.025069077190482 14.027797437085068 16
1.0 1.8 30.0 0.6 18.220656171153564 18.224200717513863 14
1.0 1.8 30.0 0.6 21.07268869264278 21.076788057742778 13
1.0 1.8 30.0 0.6 15.915809545609276 15.91890571976822 15
1.0 1.8 30.0 0.6 10.056175663767059 10.058131936939256 19
1.0 1.8 30.0 0.6 4.229047344824206 4.22987004046331 30
1.0 1.8 30.0 0.6 2.548696169913548 2.549191979265731 40
1.0 1.8 30.0 0.6 3.203278400175313 3.203901548358765 35
1.0 1.8 30.0 0.7 260.3584559480196 260.32332473459667 3
1.0 1.8 30.0 0.7 101.52068968528346 101.50699109038595 6
1.0 1.8 30.0 0.7 142.6185007104838 142.59925662268083 5
1.0 1.8 30.0 0.6 1.7460577546986669 1.7463974231826749 50
1.0 1.8 30.0 0.7 163.7802713069065 163.75817177630054 4
1.0 1.8 30.0 0.7 22.114842446578102 22.111858401957864 13
1.0 1.8 30.0 0.7 57.72805910421691 57.72026962506403 8
1.0 1.8 30.0 0.7 75.22571190609442 75.21556139828687 7
1.0 1.8 30.0 0.7 25.86820513959371 25.864714638652163 12
1.0 1.8 30.0 0.7 19.056046065448452 19.05347475652405 14
1.0 1.8 30.0 0.7 30.85875371614782 30.85458982041869 11
1.0 1.8 30.0 0.7 37.297283152860444 37.2922504804636 10
1.0 1.8 30.0 0.7 45.77882389875011 45.77264677795417 9
1.0 1.8 30.0 0.7 16.628339510813554 16.626095782096943 15
1.0 1.8 30.0 0.7 14.639905586360824 14.6379301650296 16
1.0 1.8 30.0 0.7 12.988217153892181 12.986464601522966 17
1.0 1.8 30.0 0.7 4.3058286757689395 4.305247672990982 30
1.0 1.8 30.0 0.7 9.433514052849354 9.432241150863854 20
1.0 1.8 30.0 0.7 11.593448479843326 11.591884129219991 18
1.0 1.8 30.0 0.7 3.2316514615130205 3.2312154017860975 35
1.0 1.8 30.0 0.7 10.416269895347337 10.414864386164117 19
1.0 1.8 30.0 0.7 1.7132627130935427 1.7130315356662376 50
1.0 1.8 30.0 0.7 2.55487475320507 2.5545300136808753 40
1.0 1.8 30.0 0.8 129.3772644366579 129.3709747180986 4
1.0 1.8 30.0 0.8 66.87258469414647 66.8693336612939 7
1.0 1.8 30.0 0.8 113.04713854480295 113.04164272072228 5
1.0 1.8 30.0 0.8 88.12211236938336 88.11782828370518 6
1.0 1.8 30.0 0.8 50.90909972290039 50.906624760156674 8
1.0 1.8 30.0 0.8 82.70471088098735 82.70069016407675 3
1.0 1.8 30.0 0.8 40.63497319298446 40.632997710304714 9
1.0 1.8 30.0 0.8 33.2459713658927 33.24435510198394 10
1.0 1.8 30.0 0.8 23.01176964362225 23.010650918819714 12
1.0 1.8 30.0 0.8 27.42945624581106 27.42812275371126 11
1.0 1.8 30.0 0.8 16.942653291992265 16.941829619291205 14
1.0 1.8 30.0 0.8 19.636285261815928 19.63533063730455 13
1.0 1.8 30.0 0.8 14.753511990604737 14.75279474373307 15
1.0 1.8 30.0 0.8 13.006998092720115 13.006365753200026 16
1.0 1.8 30.0 0.8 11.516561718101583 11.516001836639466 17
1.0 1.8 30.0 0.8 3.7984223330942957 3.798237671534565 30
1.0 1.8 30.0 0.8 8.367796016082936 8.367389212908265 20
1.0 1.8 30.0 0.8 10.293899059692206 10.293398618380163 18
1.0 1.8 30.0 0.8 1.4985326644861081 1.498459812824322 50
1.0 1.8 30.0 0.8 9.262907269121364 9.262456949816674 19
1.0 1.8 30.0 0.8 2.8498012466341165 2.8496627026026804 35
1.0 1.8 30.0 0.8 2.2532771160814544 2.2531675722681888 40
1.0 1.8 30.0 0.9 33.78877704271267 33.784292383671584 9
1.0 1.8 30.0 0.9 147.10414051234346 147.08461592544006 4
1.0 1.8 30.0 0.9 41.75865821675347 41.753115744947564 8
1.0 1.8 30.0 0.9 54.84277907434619 54.83549999571297 7
1.0 1.8 30.0 0.9 27.13222817835721 27.128627018355132 10
1.0 1.8 30.0 0.9 96.31699399874047 96.30421020140442 5
1.0 1.8 30.0 0.9 72.51859797735328 72.50897285284358 6
1.0 1.8 30.0 0.9 329.47741501302744 329.43368469789334 3
1.0 1.8 30.0 0.9 10.6785451816362 10.677127857945143 16
1.0 1.8 30.0 0.9 18.893183274971594 18.890675652837718 12
1.0 1.8 30.0 0.9 16.099182167176377 16.09704538244549 13
1.0 1.8 30.0 0.9 9.468067468635391 9.466810807161046 17
1.0 1.8 30.0 0.9 8.456576665434545 8.455454255382495 18
1.0 1.8 30.0 0.9 12.13268191585687 12.131071589991041 15
1.0 1.8 30.0 0.9 22.449795389155746 22.446815711088817 11
1.0 1.8 30.0 0.9 13.944115891953947 13.94226514117579 14
1.0 1.8 40.0 0.2 1.0078081582749805 1.007472222222222 3
1.0 1.8 30.0 0.9 1.2286488744973052 1.228485800489732 50
1.0 1.8 40.0 0.2 1.2716028799723362 1.2711790123456792 4
1.0 1.8 30.0 0.9 2.343247805393989 2.3429367948048023 35
1.0 1.8 30.0 0.9 1.8558234269717875 1.855577110412301 40
1.0 1.8 30.0 0.9 3.1172415731238674 3.116827833212935 30
1.0 1.8 30.0 0.9 7.600895356333741 7.5998865176877874 19
1.0 1.8 30.0 0.9 6.883352061543781 6.882438459757696 20
1.0 1.8 40.0 0.2 1.2273952428587307 1.226986111111111 9
1.0 1.8 40.0 0.2 1.2483770100237495 1.2479608843537415 8
1.0 1.8 40.0 0.2 1.161248193842392 1.1608611111111111 5
1.0 1.8 40.0 0.2 1.19838612870957 1.1979866666666665 6
1.0 1.8 40.0 0.2 1.2891550269843033 1.2887253086419752 7
1.0 1.8 40.0 0.2 1.2205718092587787 1.2201649519890259 10
1.0 1.8 40.0 0.2 1.2283947725458535 1.2279853076216716 12
1.0 1.8 40.0 0.2 1.2109558741802826 1.2105522222222223 11
1.0 1.8 40.0 0.2 1.096635922085524 1.096270376778162 18
1.0 1.8 40.0 0.2 1.0950640056380752 1.0946989843028623 20
1.0 1.8 40.0 0.2 1.1773862892569125 1.1769938271604938 13
1.0 1.8 40.0 0.2 1.1288778975707954 1.1285016049382717 16
1.0 1.8 40.0 0.2 1.13309708678403 1.132719387755102 15
1.0 1.8 40.0 0.2 1.1559875645596527 1.1556022353714661 14
1.0 1.8 40.0 0.2 1.115590613537846 1.11521875 17
1.0 1.8 40.0 0.2 1.0967609916611436 1.0963954046639233 19
1.0 1.8 40.0 0.2 0.8973759914510816 0.8970768661205979 50
1.0 1.8 40.0 0.3 1.1807004056832706 1.1803287037037038 3
1.0 1.8 40.0 0.3 1.5636671627076015 1.5631748971193415 4
1.0 1.8 40.0 0.3 1.3540662801252246 1.3536399999999997 6
1.0 1.8 40.0 0.2 0.996035968919221 0.9957039569295811 30
1.0 1.8 40.0 0.2 0.954684433450135 0.9543662053056516 35
1.0 1.8 40.0 0.2 0.9249956172840724 0.9246872854116446 40
1.0 1.8 40.0 0.3 1.4514650445510622 1.451008101851852 5
1.0 1.8 40.0 0.3 1.3854329540872838 1.384996799268404 10
1.0 1.8 40.0 0.3 1.3571937461793526 1.3567664814814813 11
1.0 1.8 40.0 0.3 1.4487775665487281 1.4483214699074072 9
1.0 1.8 40.0 0.3 1.4249928265398746 1.4245442176870744 8
1.0 1.8 40.0 0.3 1.2625797054014485 1.2621822266053035 14
1.0 1.8 40.0 0.3 1.2862515102491112 1.2858465792181066 13
1.0 1.8 40.0 0.3 1.3238549387219087 1.3234381695745332 12
1.0 1.8 40.0 0.3 1.5028964879890168 1.502423353909465 7
1.0 1.8 40.0 0.3 1.2632609854542685 1.26286329218107 16
1.0 1.8 40.0 0.3 1.1835552227867199 1.1831826220684352 18
1.0 1.8 40.0 0.3 0.9563143100221158 0.9560132481097015 35
1.0 1.8 40.0 0.3 1.010327953026477 1.0100098868190426 30
1.0 1.8 40.0 0.3 1.2629919963465446 1.2625943877551018 15
1.0 1.8 40.0 0.3 1.155470612657735 1.1551068533907867 20
1.0 1.8 40.0 0.3 1.1942943119824758 1.1939183304398149 17
1.0 1.8 40.0 0.3 1.189489409446001 1.1891149405578418 19
1.0 1.8 40.0 0.3 0.8591712310621985 0.8589007512301973 50
1.0 1.8 40.0 0.4 2.2074350753112495 2.2068371245007814 5
1.0 1.8 40.0 0.4 1.839258420409071 1.8387602014238584 3
1.0 1.8 40.0 0.4 2.5007503334815477 2.500072929328008 4
1.0 1.8 40.0 0.4 2.276594041796354 2.275977357180066 6
1.0 1.8 40.0 0.3 0.9175807203434135 0.9172918523388609 40
1.0 1.8 40.0 0.4 2.034382060961334 2.0338309868138955 8
1.0 1.8 40.0 0.4 2.092954507558915 2.0923875672859875 7
1.0 1.8 40.0 0.4 1.9441998092902404 1.9436731637437057 9
1.0 1.8 40.0 0.4 1.9650353860975245 1.9645030966024197 10
1.0 1.8 40.0 0.4 1.8534658459315252 1.8529637784337558 11
1.0 1.8 40.0 0.4 1.6916433345375725 1.6911851015801356 13
1.0 1.8 40.0 0.4 1.7715182872828694 1.7710384177693843 12
1.0 1.8 40.0 0.4 1.5788107497890216 1.578383080962894 15
1.0 1.8 40.0 0.4 1.5177562249888843 1.517345094634485 16
1.0 1.8 40.0 0.4 1.6580996057419342 1.6576504591218681 14
1.0 1.8 40.0 0.4 1.516639936760088 1.5162291087862476 17
1.0 1.8 40.0 0.4 1.4408746255544564 1.4404843209154798 18
1.0 1.8 40.0 0.4 1.4311557451459906 1.4307680731608496 19
1.0 1.8 40.0 0.4 0.9280314590837216 0.9277800735869043 40
1.0 1.8 40.0 0.4 0.9874870256638475 0.9872195348216812 35
1.0 1.8 40.0 0.4 1.079437620974628 1.0791452225219937 30
1.0 1.8 40.0 0.4 0.8255677149490661 0.8253440848682672 50
1.0 1.8 40.0 0.5 1.839258420409071 1.8387602014238584 3
1.0 1.8 40.0 0.5 2.5007503334815477 2.500072929328008 4
1.0 1.8 40.0 0.5 2.2074350753112495 2.2068371245007814 5
1.0 1.8 40.0 0.5 2.092954507558915 2.0923875672859875 7
1.0 1.8 40.0 0.5 2.034382060961334 2.0338309868138955 8
1.0 1.8 40.0 0.5 2.276594041796354 2.275977357180066 6
1.0 1.8 40.0 0.5 1.9441998092902404 1.9436731637437057 9
1.0 1.8 40.0 0.4 1.3475569012512794 1.3471918745511662 20
1.0 1.8 40.0 0.5 1.7715182872828694 1.7710384177693843 12
1.0 1.8 40.0 0.5 1.9650353860975245 1.9645030966024197 10
1.0 1.8 40.0 0.5 1.8534658459315252 1.8529637784337558 11
1.0 1.8 40.0 0.5 1.6916433345375725 1.6911851015801356 13
1.0 1.8 40.0 0.5 1.6580996057419342 1.6576504591218681 14
1.0 1.8 40.0 0.5 1.5177562249888843 1.517345094634485 16
1.0 1.8 40.0 0.5 1.5788107497890216 1.578383080962894 15
1.0 1.8 40.0 0.5 1.516639936760088 1.5162291087862476 17
1.0 1.8 40.0 0.5 1.4311557451459906 1.4307680731608496 19
1.0 1.8 40.0 0.5 1.4408746255544564 1.4404843209154798 18
1.0 1.8 40.0 0.5 1.3475569012512794 1.3471918745511662 20
1.0 1.8 40.0 0.5 0.9874870256638475 0.9872195348216812 35
1.0 1.8 40.0 0.5 1.079437620974628 1.0791452225219937 30
1.0 1.8 40.0 0.5 0.9280314590837216 0.9277800735869043 40
1.0 1.8 40.0 0.5 0.8255677149490661 0.8253440848682672 50
1.0 1.8 40.0 0.6 176.8591449662627 176.80428587962965 3
1.0 1.8 40.0 0.6 265.6847211352081 265.6023096707819 4
1.0 1.8 40.0 0.6 186.9237827821593 186.8658017939815 5
1.0 1.8 40.0 0.6 141.27833763250635 141.23451518518516 6
1.0 1.8 40.0 0.6 100.21991993915807 100.1888332047325 7
1.0 1.8 40.0 0.6 77.53113687853102 77.50708786848072 8
1.0 1.8 40.0 0.6 61.77100789075779 61.751847439236116 9
1.0 1.8 40.0 0.6 50.15798053042631 50.142422267946955 10
1.0 1.8 40.0 0.6 41.40151838764802 41.38867624999999 11
1.0 1.8 40.0 0.6 34.82146822937464 34.81066712580349 12
1.0 1.8 40.0 0.6 29.564379891241984 29.55520945859054 13
1.0 1.8 40.0 0.6 25.48609020927679 25.47818480166557 14
1.0 1.8 40.0 0.6 22.217474841260756 22.21058330971277 15
1.0 1.8 40.0 0.6 19.573013275208314 19.566942016460906 16
1.0 1.8 40.0 0.6 17.321634542745898 17.316261628327545 17
1.0 1.8 40.0 0.6 15.442310160381194 15.437520184544407 18
1.0 1.8 40.0 0.6 13.882554090709325 13.878247928097851 19
1.0 1.8 40.0 0.6 12.52609606398763 12.522210654560379 20
1.0 1.8 40.0 0.6 5.672754110383681 5.670994506099442 30
1.0 1.8 40.0 0.6 4.235488970955796 4.23417518502499 35
1.0 1.8 40.0 0.6 3.328151642283982 3.327119298950496 40
1.0 1.8 40.0 0.6 2.2131075785877115 2.2124211054036125 50
1.0 1.8 40.0 0.7 121.53120460697079 121.51480753968254 3
1.0 1.8 40.0 0.7 213.07787117662255 213.0491225749559 4
1.0 1.8 40.0 0.7 180.60958571791434 180.5852177579365 5
1.0 1.8 40.0 0.7 130.9062187755491 130.88855682539682 6
1.0 1.8 40.0 0.7 94.75755348825722 94.74476873897707 7
1.0 1.8 40.0 0.7 71.63073945674886 71.62107499190151 8
1.0 1.8 40.0 0.7 56.72200502746402 56.71435205853174 9
1.0 1.8 40.0 0.7 46.23967205843861 46.23343337252597 10
1.0 1.8 40.0 0.7 38.37730320757563 38.372125317460316 11
1.0 1.8 40.0 0.7 32.33287929507477 32.32851692247147 12
1.0 1.8 40.0 0.7 27.52205230291212 27.518339010141094 13
1.0 1.8 40.0 0.7 23.63892282451746 23.63573344604114 14
1.0 1.8 40.0 0.7 20.624087077184207 20.62130446226109 15
1.0 1.8 40.0 0.7 18.142757497263737 18.140309664902997 16
1.0 1.8 40.0 0.7 16.10185969411548 16.099687220982144 17
1.0 1.8 40.0 0.7 14.360669741595004 14.358732190915582 18
1.0 1.8 40.0 0.7 12.912604488181486 12.910862311385458 19
1.0 1.8 40.0 0.7 11.668860897843956 11.667286527722815 20
1.0 1.8 40.0 0.7 5.256815013157458 5.256105760338222 30
1.0 1.8 40.0 0.7 3.913943262296031 3.913415190586038 35
1.0 1.8 40.0 0.7 3.0696340989579585 3.069219941976353 40
1.0 1.8 40.0 0.7 2.023020023430371 2.0227470762843525 50
1.0 1.8 40.0 0.8 307.55921564405674 307.5923295997221 3
1.0 1.8 40.0 0.8 194.73701074701225 194.757977482562 4
1.0 1.8 40.0 0.8 132.04910255386238 132.06331987496745 5
1.0 1.8 40.0 0.8 103.2675022572893 103.27862075193192 6
1.0 1.8 40.0 0.8 78.83328066324948 78.84176840033572 7
1.0 1.8 40.0 0.8 60.82533584354298 60.831884720546206 8
1.0 1.8 40.0 0.8 48.36954897189154 48.37475677259703 9
1.0 1.8 40.0 0.8 39.174984552681146 39.179202402889125 10
1.0 1.8 40.0 0.8 32.568386211782354 32.57189274984805 11
1.0 1.8 40.0 0.8 27.43705604012735 27.440010103641253 12
1.0 1.8 40.0 0.8 23.483619169826873 23.48614757894127 13
1.0 1.8 40.0 0.8 20.280826886684938 20.28301046099591 14
1.0 1.8 40.0 0.8 17.649927773829393 17.65182808731724 15
1.0 1.8 40.0 0.8 15.532348645857931 15.534020966108072 16
1.0 1.8 40.0 0.8 13.76216318096341 13.763644910784059 17
1.0 1.8 40.0 0.8 12.30141040386745 12.302734858925257 18
1.0 1.8 40.0 0.8 11.03345116254901 11.034639100331555 19
1.0 1.8 40.0 0.8 9.971672418866396 9.972746038194293 20
1.0 1.8 40.0 0.8 4.499581262819764 4.500065718907798 30
1.0 1.8 40.0 0.8 3.355214802136486 3.355576047804163 35
1.0 1.8 40.0 0.8 2.6305569010474787 2.6308401250257107 40
1.0 1.8 40.0 0.8 1.730972532946733 1.7311589014403383 50
1.0 1.8 40.0 0.9 163.73248085157616 163.70316845435605 4
1.0 1.8 40.0 0.9 150.7203905630146 150.69340767034495 3
1.0 1.8 40.0 0.9 138.6511789671428 138.62635677907247 5
1.0 1.8 40.0 0.9 93.17727887082187 93.16059770043985 6
1.0 1.8 40.0 0.9 65.82830400997784 65.81651902152943 7
1.0 1.8 40.0 0.9 53.29035184309309 53.28081147606816 8
1.0 1.8 40.0 0.9 42.48390246382561 42.476296733930084 9
1.0 1.8 40.0 0.9 33.79696787894567 33.790917337586066 10
1.0 1.8 40.0 0.9 23.552551634426703 23.548335111562913 12
1.0 1.8 40.0 0.9 27.93373274635169 27.928731877459683 11
1.0 1.8 40.0 0.9 20.0967607056746 20.093162859788563 13
1.0 1.8 40.0 0.9 17.28936803209486 17.286272782937175 14
1.0 1.8 40.0 0.9 15.006782522960497 15.004095916320074 15
1.0 1.8 40.0 0.9 13.189826282658828 13.18746495871595 16
1.0 1.8 40.0 0.9 11.707416741306416 11.705320807450422 17
1.0 1.8 40.0 0.9 10.436604754990153 10.434736329723421 18
1.0 1.8 40.0 0.9 9.34693103823236 9.345257693066166 19
1.0 1.8 40.0 0.9 8.464049966905701 8.462534680546936 20
1.0 1.8 40.0 0.9 3.7835786950560446 3.782901335493382 30
1.0 1.8 40.0 0.9 2.829033905616366 2.8285274345413582 35
1.0 1.8 40.0 0.9 2.2278952203640885 2.2274963688391836 40
1.0 1.8 40.0 0.9 1.4476843430449953 1.447425169676999 50
1.0 1.8 50.0 0.2 1.3118600386234491 1.3114409722222222 3
1.0 1.8 50.0 0.2 1.0445404627712862 1.0442067901234569 4
1.0 1.8 50.0 0.2 1.2912553662975674 1.2908428819444444 5
1.0 1.8 50.0 0.2 1.1403464995762536 1.1399822222222222 6
1.0 1.8 50.0 0.2 1.2406737183019882 1.2402773919753087 7
1.0 1.8 50.0 0.2 1.1983436885875958 1.1979608843537415 8
1.0 1.8 50.0 0.2 1.1438434760409575 1.1434780815972223 9
1.0 1.8 50.0 0.2 1.1744043064511176 1.1740291495198902 10
1.0 1.8 50.0 0.2 1.1598348083415535 1.1594643055555556 11
1.0 1.8 50.0 0.2 1.1410389705526913 1.1406744719926538 12
1.0 1.8 50.0 0.2 1.1277594656008938 1.1273992091049383 13
1.0 1.8 50.0 0.2 1.148623002762306 1.1482560815253122 14
1.0 1.8 50.0 0.2 1.1156000655538207 1.1152436933106575 15
1.0 1.8 50.0 0.2 1.102958383310718 1.102606049382716 16
1.0 1.8 50.0 0.2 1.0991616136925686 1.0988104926215276 17
1.0 1.8 50.0 0.2 1.0662660260609012 1.065925413302576 18
1.0 1.8 50.0 0.2 1.090261815459911 1.0899135373799724 19
1.0 1.8 50.0 0.2 0.9876331052178992 0.9873176113092879 30
1.0 1.8 50.0 0.2 1.0771419478914028 1.0767978608802709 20
1.0 1.8 50.0 0.2 0.9432514197513979 0.942950103325644 35
1.0 1.8 50.0 0.2 0.9214431737759169 0.9211488238731829 40
1.0 1.8 50.0 0.2 0.8868964614471428 0.8866131472997361 50
1.0 1.8 50.0 0.3 1.3319595458165856 1.3316388888888886 3
1.0 1.8 50.0 0.3 1.546162347725687 1.5457901234567901 4
1.0 1.8 50.0 0.3 1.586810250615889 1.5864282407407406 5
1.0 1.8 50.0 0.3 1.609342989979069 1.6089555555555555 6
1.0 1.8 50.0 0.3 1.5434302085069862 1.5430586419753083 7
1.0 1.8 50.0 0.3 1.57840417364271 1.5780241874527587 8
1.0 1.8 50.0 0.3 1.4733460138551875 1.4729913194444444 9
1.0 1.8 50.0 0.3 1.4256820400521664 1.425338820301783 10
1.0 1.8 50.0 0.3 1.4602756219089779 1.459924074074074 11
1.0 1.8 50.0 0.3 1.3792604188305513 1.3789283746556475 12
1.0 1.8 50.0 0.3 1.3665288248405483 1.3661998456790123 13
1.0 1.8 50.0 0.3 1.2841685643585248 1.2838594126671052 14
1.0 1.8 50.0 0.3 1.2841022196197647 1.2837930839002265 15
1.0 1.8 50.0 0.3 1.2581559758213399 1.257853086419753 16
1.0 1.8 50.0 0.3 1.2493124791616501 1.2490117187499998 17
1.0 1.8 50.0 0.3 1.2211701868763356 1.2208762014609766 18
1.0 1.8 50.0 0.3 1.154881250561692 1.1546032235939643 19
1.0 1.8 50.0 0.3 1.1489074496081366 1.1486308607776752 20
1.0 1.8 50.0 0.3 1.0133819814419145 1.013138019113049 30
1.0 1.8 50.0 0.3 0.9076637961896664 0.9074452845350283 40
1.0 1.8 50.0 0.3 0.9492809142890544 0.9490523836985774 35
1.0 1.8 50.0 0.4 2.2117858730688007 2.211432540371592 3
1.0 1.8 50.0 0.3 0.8459305230028729 0.8457268730621499 50
1.0 1.8 50.0 0.4 2.3182496017190917 2.3178792614458525 4
1.0 1.8 50.0 0.4 2.4922213654551517 2.491823233200208 5
1.0 1.8 50.0 0.4 2.2452078470601315 2.2448491752040285 6
1.0 1.8 50.0 0.4 2.1880047978955948 2.1876552642241127 7
1.0 1.8 50.0 0.4 2.0502081422974325 2.0498806216357006 9
1.0 1.8 50.0 0.4 2.1619204700886687 2.161575103387422 8
1.0 1.8 50.0 0.4 1.8742361342669778 1.8739367251258898 11
1.0 1.8 50.0 0.4 1.9110171497495048 1.9107118648427905 10
1.0 1.8 50.0 0.4 1.7923099021988047 1.792023580769733 12
1.0 1.8 50.0 0.4 1.747311024971287 1.7470318921108987 13
1.0 1.8 50.0 0.4 1.645493188722342 1.645230321256875 14
1.0 1.8 50.0 0.4 1.610020658813709 1.6097634580833549 15
1.0 1.8 50.0 0.4 1.5209610885920306 1.5207181151241533 17
1.0 1.8 50.0 0.4 1.5754620058538031 1.5752103258667591 16
1.0 1.8 50.0 0.4 1.4175293513475686 1.4173029010952263 19
1.0 1.8 50.0 0.4 1.449137313360509 1.4489058137376067 18
1.0 1.8 50.0 0.4 1.3662164088552755 1.3659981558432688 20
1.0 1.8 50.0 0.4 1.0874239920375097 1.087250276101987 30
1.0 1.8 50.0 0.4 0.8365995546574205 0.836465907914881 50
1.0 1.8 50.0 0.4 0.9224047178557656 0.9222573637421302 40
1.0 1.8 50.0 0.4 0.9991771815134073 0.999017563002035 35
1.0 1.8 50.0 0.5 2.2117858730688007 2.211432540371592 3
1.0 1.8 50.0 0.5 2.4922213654551517 2.491823233200208 5
1.0 1.8 50.0 0.5 2.3182496017190917 2.3178792614458525 4
1.0 1.8 50.0 0.5 2.2452078470601315 2.2448491752040285 6
1.0 1.8 50.0 0.5 2.1880047978955948 2.1876552642241127 7
1.0 1.8 50.0 0.5 2.1619204700886687 2.161575103387422 8
1.0 1.8 50.0 0.5 2.0502081422974325 2.0498806216357006 9
1.0 1.8 50.0 0.5 1.9110171497495048 1.9107118648427905 10
1.0 1.8 50.0 0.5 1.8742361342669778 1.8739367251258898 11
1.0 1.8 50.0 0.5 1.747311024971287 1.7470318921108987 13
1.0 1.8 50.0 0.5 1.7923099021988047 1.792023580769733 12
1.0 1.8 50.0 0.5 1.645493188722342 1.645230321256875 14
1.0 1.8 50.0 0.5 1.610020658813709 1.6097634580833549 15
1.0 1.8 50.0 0.5 1.5754620058538031 1.5752103258667591 16
1.0 1.8 50.0 0.5 1.5209610885920306 1.5207181151241533 17
1.0 1.8 50.0 0.5 1.449137313360509 1.4489058137376067 18
1.0 1.8 50.0 0.5 1.4175293513475686 1.4173029010952263 19
1.0 1.8 50.0 0.5 1.3662164088552755 1.3659981558432688 20
1.0 1.8 50.0 0.5 1.0874239920375097 1.087250276101987 30
1.0 1.8 50.0 0.5 0.9991771815134073 0.999017563002035 35
1.0 1.8 50.0 0.5 0.9224047178557656 0.9222573637421302 40
1.0 1.8 50.0 0.5 0.8365995546574205 0.836465907914881 50
1.0 1.8 50.0 0.6 277.48436964594964 277.5267778163714 3
1.0 1.8 50.0 0.6 351.148832437583 351.2024988100292 4
1.0 1.8 50.0 0.6 216.7749834458552 216.80811334954265 5
1.0 1.8 50.0 0.6 155.22918900897398 155.25291281695033 6
1.0 1.8 50.0 0.6 115.4999323428115 115.51758429495838 7
1.0 1.8 50.0 0.6 89.13511036065022 89.14873295480055 8
1.0 1.8 50.0 0.6 69.86062090198095 69.87129775963876 9
1.0 1.8 50.0 0.6 56.9997425196646 57.00845383842411 10
1.0 1.8 50.0 0.6 39.36343116609985 39.36944711250941 12
1.0 1.8 50.0 0.6 46.99055510793765 46.997736714136856 11
1.0 1.8 50.0 0.6 33.663393332139684 33.66853813695599 13
1.0 1.8 50.0 0.6 28.98586499204782 28.990294926259875 14
1.0 1.8 50.0 0.6 25.29934311679273 25.30320963675501 15
1.0 1.8 50.0 0.6 22.2067393762779 22.210133251000226 16
1.0 1.8 50.0 0.6 19.631615833576436 19.634616149994212 17
1.0 1.8 50.0 0.6 15.755033843457669 15.757441698577892 19
1.0 1.8 50.0 0.6 17.547064594868203 17.54974632756071 18
1.0 1.8 50.0 0.6 14.208495013868369 14.210666510153924 20
1.0 1.8 50.0 0.6 6.393874204125589 6.394851385316911 30
1.0 1.8 50.0 0.6 4.757717907855401 4.758445033898977 35
1.0 1.8 50.0 0.6 3.7125960870748855 3.7131634862684644 40
1.0 1.8 50.0 0.6 2.4447905841163466 2.445164223524826 50
1.0 1.8 50.0 0.7 567.4207243983853 567.4139680492161 3
1.0 1.8 50.0 0.7 231.56852653754777 231.56576922228837 4
1.0 1.8 50.0 0.7 132.46361814191073 132.46204088112722 6
1.0 1.8 50.0 0.7 174.40537121894687 174.40329455249056 5
1.0 1.8 50.0 0.7 101.94004349680246 101.9388296840202 7
1.0 1.8 50.0 0.7 62.530965900070264 62.53022133607858 9
1.0 1.8 50.0 0.7 78.26348852281289 78.26255662971678 8
1.0 1.8 50.0 0.7 50.99444704885267 50.993839851626454 10
1.0 1.8 50.0 0.7 42.151571759139806 42.15106985512998 11
1.0 1.8 50.0 0.7 35.45390147809849 35.45347932408208 12
1.0 1.8 50.0 0.7 25.97553369153929 25.975224397627503 14
1.0 1.8 50.0 0.7 30.073713061565414 30.07335497012194 13
1.0 1.8 50.0 0.7 22.656374299810217 22.656104527542315 15
1.0 1.8 50.0 0.7 19.91790742585632 19.917670260854223 16
1.0 1.8 50.0 0.7 17.651371385276466 17.65116120820103 17
1.0 1.8 50.0 0.7 15.741400327192997 15.74121289238061 18
1.0 1.8 50.0 0.7 14.139188947097292 14.139020590015168 19
1.0 1.8 50.0 0.7 12.77398818005374 12.77383607858702 20
1.0 1.8 50.0 0.7 5.734749764081094 5.734681479702081 30
1.0 1.8 50.0 0.7 4.271084383060024 4.271033526726826 35
1.0 1.8 50.0 0.7 3.3394888550115023 3.3394490913021757 40
1.0 1.8 50.0 0.7 2.1863993539017836 2.1863733201726245 50
1.0 1.8 50.0 0.8 281.46998624727814 281.5120258770406 3
1.0 1.8 50.0 0.8 186.16447699718347 186.19228204237584 4
1.0 1.8 50.0 0.8 139.13371157659677 139.15449222820425 5
1.0 1.8 50.0 0.8 109.5638420103979 109.58020618270233 6
1.0 1.8 50.0 0.8 83.31178132477606 83.3242245571379 7
1.0 1.8 50.0 0.8 65.72124826009002 65.7310642158913 8
1.0 1.8 50.0 0.8 52.78896978959378 52.79685421370268 9
1.0 1.8 50.0 0.8 42.367323471041914 42.37365134498862 10
1.0 1.8 50.0 0.8 35.20086298329879 35.20612049322681 11
1.0 1.8 50.0 0.8 29.803207607979576 29.80765893804954 12
1.0 1.8 50.0 0.8 25.405423338994172 25.40921782737061 13
1.0 1.8 50.0 0.8 21.866747583404642 21.870013544314983 14
1.0 1.8 50.0 0.8 19.115358237355224 19.11821325786306 15
1.0 1.8 50.0 0.8 16.796001430838743 16.79851003820771 16
1.0 1.8 50.0 0.8 14.917786964889753 14.920015046999824 17
1.0 1.8 50.0 0.8 13.309732208990278 13.311720116197597 18
1.0 1.8 50.0 0.8 11.954844554497088 11.956630099185672 19
1.0 1.8 50.0 0.8 10.80590779051829 10.807521732980923 20
1.0 1.8 50.0 0.8 4.855629518067972 4.856354742344726 30
1.0 1.8 50.0 0.8 3.6230792391665076 3.6236203729187975 35
1.0 1.8 50.0 0.8 2.8344239810611764 2.8348473233021823 40
1.0 1.8 50.0 0.8 1.8523654368211553 1.8526421013358592 50
1.0 1.8 50.0 0.9 391.895792173956 391.8582930781696 3
1.0 1.8 50.0 0.9 244.02643118014905 244.00308117052927 4
1.0 1.8 50.0 0.9 134.4404607740844 134.42759665097617 5
1.0 1.8 50.0 0.9 98.09612229274194 98.0867358283818 6
1.0 1.8 50.0 0.9 72.73192914687586 72.72496969073403 7
1.0 1.8 50.0 0.9 55.77514821155786 55.76981128866393 8
1.0 1.8 50.0 0.9 44.96802118961919 44.96371836175631 9
1.0 1.8 50.0 0.9 36.34905217576091 36.345574065976365 10
1.0 1.8 50.0 0.9 30.214886091423207 30.211994937881013 11
1.0 1.8 50.0 0.9 25.46082763412021 25.45839137929605 12
1.0 1.8 50.0 0.9 21.633234490803623 21.631164484570995 13
1.0 1.8 50.0 0.9 18.72029448584656 18.718503208343474 14
1.0 1.8 50.0 0.9 16.301049419224388 16.29948963056169 15
1.0 1.8 50.0 0.9 12.67524993227996 12.674037083301181 17
1.0 1.8 50.0 0.9 14.334070854496114 14.332699278922414 16
1.0 1.8 50.0 0.9 10.1580005788228 10.157028596361364 19
1.0 1.8 50.0 0.9 11.340872641749263 11.339787474523725 18
1.0 1.8 50.0 0.9 9.200875730171347 9.199995331536773 20
1.0 1.8 50.0 0.9 4.108168363269904 4.107775267446888 30
1.0 1.8 50.0 0.9 3.074197737154279 3.0739035782535877 35
1.0 1.8 50.0 0.9 2.4155413270754194 2.4153101926325165 40
1.0 1.8 60.0 0.2 0.8415184773548209 0.8412847222222222 3
1.0 1.8 50.0 0.9 1.5578592452767661 1.557710179340803 50
1.0 1.8 60.0 0.2 1.2061652928282547 1.2058302469135802 4
1.0 1.8 60.0 0.2 1.278266532370103 1.2779114583333333 5
1.0 1.8 60.0 0.2 1.1609958321756044 1.1606733333333332 6
1.0 1.8 60.0 0.2 1.238245963384891 1.2379020061728394 7
1.0 1.8 60.0 0.2 1.224611144819139 1.2242709750566894 8
1.0 1.8 60.0 0.2 1.2077439045568215 1.2074084201388888 9
1.0 1.8 60.0 0.2 1.172433357688521 1.1721076817558298 10
1.0 1.8 60.0 0.2 1.2318646846346206 1.2315224999999999 11
1.0 1.8 60.0 0.2 1.1974540678195735 1.1971214416896236 12
1.0 1.8 60.0 0.2 1.1372566839554197 1.1369407793209876 13
1.0 1.8 60.0 0.2 1.1341926011663332 1.133877547666009 14
1.0 1.8 60.0 0.2 1.1243453396918646 1.1240330215419503 15
1.0 1.8 60.0 0.2 1.109972646722855 1.1096643209876542 16
1.0 1.8 60.0 0.2 1.0961635393512086 1.0958590494791667 17
1.0 1.8 60.0 0.2 1.0967190040293775 1.0964143598615919 18
1.0 1.8 60.0 0.2 1.0615370696249644 1.0612421982167353 19
1.0 1.8 60.0 0.2 1.0717223697872371 1.0714246691289626 20
1.0 1.8 60.0 0.2 0.9876260052419101 0.987351664684899 30
1.0 1.8 60.0 0.2 0.95429922864002 0.9540341455209534 35
1.0 1.8 60.0 0.2 0.9306245306288053 0.9303660238147419 40
1.0 1.8 60.0 0.2 0.898610019280889 0.8983604053866445 50
1.0 1.8 60.0 0.3 1.240742627445169 1.240375 3
1.0 1.8 60.0 0.3 1.5295293255614828 1.5290761316872428 4
1.0 1.8 60.0 0.3 1.34474682313278 1.3443483796296298 5
1.0 1.8 60.0 0.3 1.3902304386484885 1.3898185185185181 6
1.0 1.8 60.0 0.3 1.504075796120661 1.5036301440329216 7
1.0 1.8 60.0 0.3 1.4165712743307162 1.4161515495086923 8
1.0 1.8 60.0 0.3 1.42454158871147 1.4241195023148148 9
1.0 1.8 60.0 0.3 1.384488636779439 1.384078417924097 10
1.0 1.8 60.0 0.3 1.3815213767042087 1.3811120370370369 11
1.0 1.8 60.0 0.3 1.3841194758655153 1.3837093663911846 12
1.0 1.8 60.0 0.3 1.3062158592257789 1.3058288323045266 13
1.0 1.8 60.0 0.3 1.2870804586412632 1.2866991014683324 14
1.0 1.8 60.0 0.3 1.282177050947824 1.2817971466364324 15
1.0 1.8 60.0 0.3 1.2389086478298093 1.2385415637860084 16
1.0 1.8 60.0 0.3 1.2569254460812462 1.256553023726852 17
1.0 1.8 60.0 0.3 1.1791189730656362 1.1787696044810243 19
1.0 1.8 60.0 0.3 1.1724187386187683 1.172071355288807 20
1.0 1.8 60.0 0.3 1.0137497691657615 1.0134493988637865 30
1.0 1.8 60.0 0.3 0.9527868727732733 0.952504565551711 35
1.0 1.8 60.0 0.3 0.9240345935406581 0.9237608055129423 40
1.0 1.8 60.0 0.3 0.8504379920858899 0.8501860104586051 50
1.0 1.8 60.0 0.4 1.638076912389897 1.6387143849895762 3
1.0 1.8 60.0 0.4 2.267603372635466 2.2684858312099454 4
1.0 1.8 60.0 0.4 2.127169065547806 2.127996872828353 5
1.0 1.8 60.0 0.4 2.22525327183306 2.226119249478805 6
1.0 1.8 60.0 0.4 2.118374904677664 2.1191992896301444 7
1.0 1.8 60.0 0.4 2.076601070281679 2.0774091985647627 8
1.0 1.8 60.0 0.4 1.9229083018422295 1.923656619179986 9
1.0 1.8 60.0 0.4 1.7997745538846066 1.8004749525991128 10
1.0 1.8 60.0 0.3 1.199151344086573 1.1987960399846214 18
1.0 1.8 60.0 0.4 1.738264747561755 1.7389412091730367 11
1.0 1.8 60.0 0.4 1.722999382961139 1.7236699039162873 12
1.0 1.8 60.0 0.4 1.6499291064244943 1.6505711914137904 13
1.0 1.8 60.0 0.4 1.5991803708595373 1.5998027065146323 14
1.0 1.8 60.0 0.4 1.5226096579396995 1.5232021954021358 15
1.0 1.8 60.0 0.4 1.4859699105590907 1.4865481893290096 16
1.0 1.8 60.0 0.4 1.405574665692256 1.4061216579179603 18
1.0 1.8 60.0 0.4 1.4300310294464977 1.4305875390896454 17
1.0 1.8 60.0 0.4 1.3521915475544828 1.3527177652519324 19
1.0 1.8 60.0 0.4 1.3321296080850806 1.3326480184954541 20
1.0 1.8 60.0 0.4 1.0640898201521414 1.0645039204296154 30
1.0 1.8 60.0 0.4 0.9803115302147781 0.9806930274051326 35
1.0 1.8 60.0 0.4 0.918056450479819 0.9184137205369898 40
1.0 1.8 60.0 0.4 0.8246200488235165 0.8249409572511338 50
1.0 1.8 60.0 0.5 2.267603372635466 2.2684858312099454 4
1.0 1.8 60.0 0.5 1.638076912389897 1.6387143849895762 3
1.0 1.8 60.0 0.5 2.127169065547806 2.127996872828353 5
1.0 1.8 60.0 0.5 2.22525327183306 2.226119249478805 6
1.0 1.8 60.0 0.5 2.118374904677664 2.1191992896301444 7
1.0 1.8 60.0 0.5 2.076601070281679 2.0774091985647627 8
1.0 1.8 60.0 0.5 1.9229083018422295 1.923656619179986 9
1.0 1.8 60.0 0.5 1.738264747561755 1.7389412091730367 11
1.0 1.8 60.0 0.5 1.7997745538846066 1.8004749525991128 10
1.0 1.8 60.0 0.5 1.6499291064244943 1.6505711914137904 13
1.0 1.8 60.0 0.5 1.722999382961139 1.7236699039162873 12
1.0 1.8 60.0 0.5 1.5991803708595373 1.5998027065146323 14
1.0 1.8 60.0 0.5 1.5226096579396995 1.5232021954021358 15
1.0 1.8 60.0 0.5 1.4859699105590907 1.4865481893290096 16
1.0 1.8 60.0 0.5 1.4300310294464977 1.4305875390896454 17
1.0 1.8 60.0 0.5 1.405574665692256 1.4061216579179603 18
1.0 1.8 60.0 0.5 1.3521915475544828 1.3527177652519324 19
1.0 1.8 60.0 0.5 1.0640898201521414 1.0645039204296154 30
1.0 1.8 60.0 0.5 1.3321296080850806 1.3326480184954541 20
1.0 1.8 60.0 0.5 0.9803115302147781 0.9806930274051326 35
1.0 1.8 60.0 0.5 0.918056450479819 0.9184137205369898 40
1.0 1.8 60.0 0.5 0.8246200488235165 0.8249409572511338 50
1.0 1.8 60.0 0.6 265.9747995312019 265.99450592987057 4
1.0 1.8 60.0 0.6 187.98727114453203 188.00119935170179 3
1.0 1.8 60.0 0.6 246.3354659992777 246.3537172956703 5
1.0 1.8 60.0 0.6 171.93872998527547 171.9514691363742 6
1.0 1.8 60.0 0.6 126.33043112753343 126.33979110390779 7
1.0 1.8 60.0 0.6 95.38952446596372 95.39659199266647 8
1.0 1.8 60.0 0.6 76.66194128936962 76.66762126649687 9
1.0 1.8 60.0 0.6 61.73223745895986 61.73681127604413 10
1.0 1.8 60.0 0.6 42.89789983011559 42.901078188056225 12
1.0 1.8 60.0 0.6 51.29908615244993 51.30288696457514 11
1.0 1.8 60.0 0.6 36.669936342860545 36.672653263358285 13
1.0 1.8 60.0 0.6 31.435437815737703 31.437766905828248 14
1.0 1.8 60.0 0.6 27.424254328014968 27.426286224607928 15
1.0 1.8 60.0 0.6 24.109447145486893 24.11123344395565 16
1.0 1.8 60.0 0.6 21.330184858380488 21.331765237902292 17
1.0 1.8 60.0 0.6 19.056336754532712 19.05774866186345 18
1.0 1.8 60.0 0.6 17.0729610159258 17.07422597251879 19
1.0 1.8 60.0 0.6 15.404560808189185 15.405702150967283 20
1.0 1.8 60.0 0.6 6.898706156712936 6.899217290301764 30
1.0 1.8 60.0 0.6 5.130371011559009 5.13075112703104 35
1.0 1.8 60.0 0.6 3.993304379863091 3.993600248675675 40
1.0 1.8 60.0 0.6 2.612321066488388 2.612514616555828 50
1.0 1.8 60.0 0.7 79.12463487426976 79.11458730158729 3
1.0 1.8 60.0 0.7 313.53081431857305 313.4910008818342 4
1.0 1.8 60.0 0.7 241.99600147637796 241.96527182539683 5
1.0 1.8 60.0 0.7 161.28301720853435 161.2625368253968 6
1.0 1.8 60.0 0.7 119.83819991251093 119.8229823633157 7
1.0 1.8 60.0 0.7 91.86735584823212 91.85569015225138 8
1.0 1.8 60.0 0.7 72.93569272685421 72.9264310515873 9
1.0 1.8 60.0 0.7 59.07365759947569 59.06615618263765 10
1.0 1.8 60.0 0.7 48.6924701549403 48.68628698412698 11
1.0 1.8 60.0 0.7 40.706546036542484 40.7013769513315 12
1.0 1.8 60.0 0.7 29.794943060300316 29.79115957546727 14
1.0 1.8 60.0 0.7 34.60109771434821 34.596703924162256 13
1.0 1.8 60.0 0.7 25.967523572802246 25.96422610949142 15
1.0 1.8 60.0 0.7 22.78209458696695 22.779201622574956 16
1.0 1.8 60.0 0.7 20.1660911554245 20.163530381944444 17
1.0 1.8 60.0 0.7 17.971635190891487 17.969353078486296 18
1.0 1.8 60.0 0.7 16.101301909393943 16.09925729962767 19
1.0 1.8 60.0 0.7 14.546912697703512 14.545065470694277 20
1.0 1.8 60.0 0.7 6.4676732821063725 6.466851990261027 30
1.0 1.8 60.0 0.7 4.8013388364579495 4.800729142637447 35
1.0 1.8 60.0 0.7 3.735104904422498 3.7346306053870153 40
1.0 1.8 60.0 0.7 2.423353234227293 2.423045506832471 50
1.0 1.8 60.0 0.8 667.1099815943463 667.1215653759333 3
1.0 1.8 60.0 0.8 347.9998811542699 348.0059238679554 4
1.0 1.8 60.0 0.8 195.41473646055806 195.41812966660876 5
1.0 1.8 60.0 0.8 150.8222587557084 150.8248776523702 6
1.0 1.8 60.0 0.8 103.18385579151062 103.18564748895447 7
1.0 1.8 60.0 0.8 79.78777806481244 79.78916350982138 8
1.0 1.8 60.0 0.8 63.2962263526419 63.29732543627367 9
1.0 1.8 60.0 0.8 50.56969078030241 50.57056887877054 10
1.0 1.8 60.0 0.8 42.03342060391382 42.03415047751346 11
1.0 1.8 60.0 0.8 35.17328169532918 35.17389244861438 12
1.0 1.8 60.0 0.8 29.864722087170257 29.86524066195906 13
1.0 1.8 60.0 0.8 25.73281632289891 25.73326315075657 14
1.0 1.8 60.0 0.8 22.35899761477754 22.35938585922301 15
1.0 1.8 60.0 0.8 19.622463201233217 19.622803928151107 16
1.0 1.8 60.0 0.8 17.35247682743397 17.352778138023094 17
1.0 1.8 60.0 0.8 15.46837408935304 15.46864268414535 18
1.0 1.8 60.0 0.8 13.860369075586442 13.860609748777545 19
1.0 1.8 60.0 0.8 12.502855406337293 12.503072507490383 20
1.0 1.8 60.0 0.8 5.561187752470985 5.561284317634249 30
1.0 1.8 60.0 0.8 4.122613482054188 4.122685067632968 35
1.0 1.8 60.0 0.8 3.2035171870065944 3.203572813281764 40
1.0 1.8 60.0 0.8 2.0756594714985623 2.0756955135105697 50
1.0 1.8 60.0 0.9 368.8414706427116 368.80162358206655 3
1.0 1.8 60.0 0.9 238.5125757170395 238.48680848145003 4
1.0 1.8 60.0 0.9 152.90667253195036 152.89015356123159 5
1.0 1.8 60.0 0.9 106.71290362412793 106.70137510610385 6
1.0 1.8 60.0 0.9 79.49219745769106 79.48360967495778 7
1.0 1.8 60.0 0.9 62.2105909005573 62.203870102095934 8
1.0 1.8 60.0 0.9 49.127143529665986 49.12183617563083 9
1.0 1.8 60.0 0.9 33.05495462122616 33.05138359441315 11
1.0 1.8 60.0 0.9 39.93484451091003 39.93053022876517 10
1.0 1.8 60.0 0.9 27.655662537241618 27.652674812297395 12
1.0 1.8 60.0 0.9 23.574466293483702 23.571919472524456 13
1.0 1.8 60.0 0.9 20.380689790972323 20.37848800335697 14
1.0 1.8 60.0 0.9 15.519852784809256 15.518176128130598 16
1.0 1.8 60.0 0.9 17.708600988089252 17.70668787431633 15
1.0 1.8 60.0 0.9 13.757344627863185 13.755858380276257 17
1.0 1.8 60.0 0.9 12.272088812209018 12.27076302130408 18
1.0 1.8 60.0 0.9 10.99938069616611 10.99819239977174 19
1.0 1.8 60.0 0.9 9.957744423448343 9.956668658173797 20
1.0 1.8 60.0 0.9 4.426275824922292 4.425797640945527 30
1.0 1.8 60.0 0.9 3.30718531967879 3.306828034437063 35
1.0 1.8 60.0 0.9 1.66174706177174 1.6615675382061497 50
1.0 1.8 60.0 0.9 2.5876158996822367 2.58733635170326 40
2.0 1.8 10.0 0.6 0.916670377181226 0.9164541043447293 3
2.0 1.8 10.0 0.6 1.341431160307587 1.3411146723646725 4
2.0 1.8 10.0 0.6 1.8596726992212371 1.8592339409722223 5
2.0 1.8 10.0 0.6 2.261180566996309 2.2606470797720797 6
2.0 1.8 10.0 0.6 1.8853818342112412 1.8849370103276353 7
2.0 1.8 10.0 0.6 1.916933240634078 1.9164809727309726 8
2.0 1.8 10.0 0.6 1.7781097219563018 1.7776902071091527 9
2.0 1.8 10.0 0.6 1.7478730093707808 1.747460628363406 10
2.0 1.8 10.0 0.6 1.600322770240486 1.599945201210826 11
2.0 1.8 10.0 0.6 1.5763182866386847 1.5759463810600174 12
2.0 1.8 10.0 0.6 1.514779628829808 1.5144222422542732 13
2.0 1.8 10.0 0.6 1.4419949222771906 1.441654708019353 14
2.0 1.8 10.0 0.6 1.3624600775137092 1.3621386281542531 15
2.0 1.8 10.0 0.6 1.288617061539626 1.2883130341880344 16
2.0 1.8 10.0 0.6 1.1872122428553709 1.186932140251777 18
2.0 1.8 10.0 0.6 1.2334099125561586 1.2331189103955218 17
2.0 1.8 10.0 0.6 1.1517547270718647 1.1514829900680597 19
2.0 1.8 10.0 0.6 1.0803830785389796 1.0801281804657845 20
2.0 1.8 10.0 0.6 0.7893794029126797 0.7891931622237807 30
2.0 1.8 10.0 0.6 0.716937574287647 0.7167684250202092 35
2.0 1.8 10.0 0.6 0.6537755047707163 0.6536212575228848 40
2.0 1.8 10.0 0.6 0.5882049695858316 0.5880661925942537 50
2.0 1.8 20.0 0.6 5.511427035176138 5.51129942630753 4
2.0 1.8 20.0 0.6 4.652741438792285 4.652633711507294 3
2.0 1.8 20.0 0.6 4.7839487485239305 4.783837983329474 5
2.0 1.8 20.0 0.6 4.308837157609577 4.308737392915026 6
2.0 1.8 20.0 0.6 4.034583008533552 4.034489593784569 7
2.0 1.8 20.0 0.6 3.7076693281216246 3.707583482571079 8
2.0 1.8 20.0 0.6 3.417926801384612 3.417847664389905 9
2.0 1.8 20.0 0.6 3.21670852974966 3.2166340516637657 10
2.0 1.8 20.0 0.6 2.932400426034407 2.932332530678398 11
2.0 1.8 20.0 0.6 2.678927466417547 2.678865439849675 12
2.0 1.8 20.0 0.6 2.532115848685751 2.5320572213218084 13
2.0 1.8 20.0 0.6 2.345233150946144 2.345178850572193 14
2.0 1.8 20.0 0.6 2.16979514814099 2.169744909772198 15
2.0 1.8 20.0 0.6 2.020589522537889 2.0205427388027064 16
2.0 1.8 20.0 0.6 1.8925596831658524 1.8925158637705488 17
2.0 1.8 20.0 0.6 1.799731909821649 1.7996902397149157 18
2.0 1.8 20.0 0.6 1.5979314267015126 1.5978944289838308 20
2.0 1.8 20.0 0.6 1.6771575209622709 1.6771186888826002 19
2.0 1.8 20.0 0.6 1.048981628160978 1.0489573405567139 30
2.0 1.8 20.0 0.6 0.9068629827808423 0.9068419857217367 35
2.0 1.8 20.0 0.6 0.8028779821925156 0.8028593927509275 40
2.0 1.8 20.0 0.6 0.6840103988176529 0.6839945615775784 50
2.0 1.8 30.0 0.6 171.99701902728833 171.99940842787683 3
2.0 1.8 30.0 0.6 179.71269365710748 179.7151902446554 4
2.0 1.8 30.0 0.6 109.47504925840344 109.47657009724473 5
2.0 1.8 30.0 0.6 63.374778694129425 63.375659103187466 7
2.0 1.8 30.0 0.6 84.82489467615639 84.82607307247048 6
2.0 1.8 30.0 0.6 48.66630503595028 48.66698111335296 8
2.0 1.8 30.0 0.6 39.00460321516719 39.00514507119704 9
2.0 1.8 30.0 0.6 31.402027978996117 31.40246421925514 10
2.0 1.8 30.0 0.6 26.129302996485343 26.129665987497106 11
2.0 1.8 30.0 0.6 22.051960265458735 22.052266613598572 12
2.0 1.8 30.0 0.6 18.790728287327955 18.79098933009184 13
2.0 1.8 30.0 0.6 16.289348682242576 16.289574975579217 14
2.0 1.8 30.0 0.6 14.179249155404847 14.179446135018027 15
2.0 1.8 30.0 0.6 12.498599479207668 12.49877311105966 16
2.0 1.8 30.0 0.6 9.953837001281375 9.953975281026704 18
2.0 1.8 30.0 0.6 11.090918021658647 11.09107209785251 17
2.0 1.8 30.0 0.6 8.947221326108169 8.94734562184319 19
2.0 1.8 30.0 0.6 8.099885256401269 8.099997780854935 20
2.0 1.8 30.0 0.6 2.859432332426172 2.8594720559593845 35
2.0 1.8 30.0 0.6 3.7691999117282715 3.769252273847906 30
2.0 1.8 30.0 0.6 2.281554945328295 2.281586640928369 40
2.0 1.8 30.0 0.6 1.5730139099076994 1.5730357623815576 50
2.0 1.8 40.0 0.6 230.06432632094013 230.06539168017287 4
2.0 1.8 40.0 0.6 637.2121048293362 637.2150555684186 3
2.0 1.8 40.0 0.6 174.64048354719355 174.64129225515168 5
2.0 1.8 40.0 0.6 120.30407564679021 120.30463273905998 6
2.0 1.8 40.0 0.6 69.3178690668584 69.31819005722224 8
2.0 1.8 40.0 0.6 91.19933032647836 91.1997526433588 7
2.0 1.8 40.0 0.6 54.87640490493213 54.87665902118546 9
2.0 1.8 40.0 0.6 44.44891836745544 44.44912419713068 10
2.0 1.8 40.0 0.6 26.25725232035662 26.257373909855673 13
2.0 1.8 40.0 0.6 36.645445540886584 36.6456152350081 11
2.0 1.8 40.0 0.6 30.81103721455636 30.811179891274186 12
2.0 1.8 40.0 0.6 15.349879736172788 15.349950816884693 17
2.0 1.8 40.0 0.6 17.381625893528316 17.381706382650304 16
2.0 1.8 40.0 0.6 19.696567905285384 19.696659114212945 15
2.0 1.8 40.0 0.6 22.66671606058782 22.666821023385047 14
2.0 1.8 40.0 0.6 13.726004612830359 13.726068173861213 18
2.0 1.8 40.0 0.6 12.35951601332058 12.359573246550555 19
2.0 1.8 40.0 0.6 11.150900691011636 11.150952327504763 20
2.0 1.8 40.0 0.6 5.066876651032238 5.066900114225806 30
2.0 1.8 50.0 0.6 450.9917004329806 451.0334734282736 3
2.0 1.8 40.0 0.6 3.794327674038704 3.7943452444377503 35
2.0 1.8 40.0 0.6 2.9829699021228593 2.9829837153662115 40
2.0 1.8 40.0 0.6 1.9939775777608977 1.9939868112759604 50
2.0 1.8 50.0 0.6 248.01193102153067 248.0349030656221 4
2.0 1.8 50.0 0.6 199.33421675658155 199.3526800393655 5
2.0 1.8 50.0 0.6 142.75804302021353 142.7712659488248 6
2.0 1.8 50.0 0.6 108.39340508514253 108.40344499762004 7
2.0 1.8 50.0 0.6 82.66955257409177 82.67720982105936 8
2.0 1.8 50.0 0.6 53.240834700422404 53.24576611963744 10
2.0 1.8 50.0 0.6 66.26742045138809 66.27355845490331 9
2.0 1.8 50.0 0.6 44.145366412743996 44.14945536644668 11
2.0 1.8 50.0 0.6 36.99091408529375 36.99434035960987 12
2.0 1.8 50.0 0.6 31.67613843931454 31.67907243384406 13
2.0 1.8 50.0 0.6 27.271098368927767 27.27362434770456 14
2.0 1.8 50.0 0.6 23.797996631795414 23.80020091537831 15
2.0 1.8 50.0 0.6 20.886439499769747 20.888374101089624 16
2.0 1.8 50.0 0.6 18.486590462125776 18.488302778018987 17
2.0 1.8 50.0 0.6 16.502318120378757 16.503846643534516 18
2.0 1.8 50.0 0.6 14.805027957793325 14.806399269865365 19
2.0 1.8 50.0 0.6 13.394592536611448 13.39583320744962 20
2.0 1.8 50.0 0.6 6.02438736974164 6.024945377139554 30
2.0 1.8 50.0 0.6 4.500685459845319 4.5011023347287145 35
2.0 1.8 50.0 0.6 3.511984449372709 3.5123097460682624 40
2.0 1.8 50.0 0.6 2.316537188051213 2.3167517567383085 50
2.0 1.8 60.0 0.6 585.5410574225152 585.5491908785739 3
2.0 1.8 60.0 0.6 280.97720035271084 280.98110326555286 4
2.0 1.8 60.0 0.6 255.65815789108146 255.6617091098507 5
2.0 1.8 60.0 0.6 188.5954813916232 188.59810107651344 6
2.0 1.8 60.0 0.6 140.47064490107533 140.47259610808862 7
2.0 1.8 60.0 0.6 107.0040790246777 107.00556536447199 8
2.0 1.8 60.0 0.6 84.5754632705646 84.57663806574836 9
2.0 1.8 60.0 0.6 67.3544104686474 67.35534605485604 10
2.0 1.8 60.0 0.6 56.023582124105225 56.02436031948142 11
2.0 1.8 60.0 0.6 46.51402656637281 46.5146726693 12
2.0 1.8 60.0 0.6 39.75402928127453 39.754581484482514 13
2.0 1.8 60.0 0.6 34.12772136938559 34.12819542038273 14
2.0 1.8 60.0 0.6 29.818466440553948 29.818880633860214 15
2.0 1.8 60.0 0.6 26.15472608835674 26.15508939049015 16
2.0 1.8 60.0 0.6 23.133573102642394 23.133894439460583 17
2.0 1.8 60.0 0.6 20.608133450475428 20.608419707682753 18
2.0 1.8 60.0 0.6 18.457570752805292 18.457827137628815 19
2.0 1.8 60.0 0.6 16.658127588608142 16.658358978272528 20
2.0 1.8 60.0 0.6 5.5050901554403495 5.505166623876354 35
2.0 1.8 60.0 0.6 7.413882226014806 7.41398520852055 30
2.0 1.8 60.0 0.6 4.264377238997161 4.264436473314637 40
2.0 1.8 60.0 0.6 2.7721165269470793 2.7721550330222304 50
3.0 1.8 10.0 0.2 0.8484774817325591 0.8483125 3
3.0 1.8 10.0 0.2 1.1348533819847688 1.1346327160493828 4
3.0 1.8 10.0 0.2 1.050879684938738 1.0506753472222221 5
3.0 1.8 10.0 0.2 1.1743216736587672 1.1740933333333334 6
3.0 1.8 10.0 0.2 1.1742753992288621 1.1740470679012345 7
3.0 1.8 10.0 0.2 1.1187526826361363 1.1185351473922902 8
3.0 1.8 10.0 0.2 1.1576092052621343 1.1573841145833332 9
3.0 1.8 10.0 0.2 1.1282927784654972 1.1280733882030178 10
3.0 1.8 10.0 0.2 1.1048840052232383 1.1046691666666666 11
3.0 1.8 10.0 0.2 1.0442482732523977 1.044045224977043 12
3.0 1.8 10.0 0.2 1.0543417778765622 1.0541367669753086 13
3.0 1.8 10.0 0.2 1.0424913325520064 1.0422886259040103 14
3.0 1.8 10.0 0.2 1.0293408809082492 1.0291407312925172 15
3.0 1.8 10.0 0.2 0.9975592785016839 0.9973653086419751 16
3.0 1.8 10.0 0.2 0.9994014678201316 0.9992071397569444 17
3.0 1.8 10.0 0.2 0.9631081668417456 0.9629208958093041 18
3.0 1.8 10.0 0.2 0.9516408883345974 0.9514558470507544 19
3.0 1.8 10.0 0.2 0.9468075240545776 0.9466234225915666 20
3.0 1.8 10.0 0.2 0.8574479057940748 0.8572811798123928 30
3.0 1.8 10.0 0.2 0.8257518979324796 0.8255913350634372 35
3.0 1.8 10.0 0.2 0.8082910891085132 0.8081339213967419 40
3.0 1.8 10.0 0.2 0.7762281811634135 0.7760772479059651 50
3.0 1.8 10.0 0.3 0.957243880074467 0.9571729567029404 3
3.0 1.8 10.0 0.3 1.316385768079341 1.3162882354454475 4
3.0 1.8 10.0 0.3 1.2566704409680736 1.2565773327159064 5
3.0 1.8 10.0 0.3 1.4051323089462517 1.4050282009724475 6
3.0 1.8 10.0 0.3 1.290637931549043 1.290542306603895 7
3.0 1.8 10.0 0.3 1.268447621727009 1.2683536408890945 9
3.0 1.8 10.0 0.3 1.2414886258684206 1.2413966424555296 10
3.0 1.8 10.0 0.3 1.2155124250928524 1.2154223662884929 11
3.0 1.8 10.0 0.3 1.182368625491398 1.182281022351746 12
3.0 1.8 10.0 0.3 1.1323860660098817 1.1323021661392811 13
3.0 1.8 10.0 0.3 1.1054810030437199 1.1053990966021885 14
3.0 1.8 10.0 0.3 1.0659278827260708 1.0658489068236696 15
3.0 1.8 10.0 0.3 1.021661886399445 1.0215861902189294 16
3.0 1.8 10.0 0.3 1.0192963692030899 1.0192208482866405 17
3.0 1.8 10.0 0.3 0.9937737927932162 0.9937001628757138 18
3.0 1.8 10.0 0.3 0.9648753843052409 0.9648038955062187 19
3.0 1.8 10.0 0.3 0.9650037983546168 0.96493230004124 20
3.0 1.8 10.0 0.3 0.8142282035862743 0.8141678764213873 30
3.0 1.8 10.0 0.3 1.2929056365106268 1.2928098435484408 8
3.0 1.8 10.0 0.3 0.76615024749809 0.7660934824878564 35
3.0 1.8 10.0 0.3 0.7368068920808328 0.7367523011557422 40
3.0 1.8 10.0 0.3 0.6985900912764053 0.6985383318808951 50
3.0 1.8 10.0 0.4 0.8752127519156356 0.8754986101459348 3
3.0 1.8 10.0 0.4 1.4709796738460068 1.4714601189097367 4
3.0 1.8 10.0 0.4 1.5429971621499579 1.543501129256428 5
3.0 1.8 10.0 0.4 1.3717843372908085 1.3722323835997219 6
3.0 1.8 10.0 0.4 1.3954582435047467 1.3959140220832367 7
3.0 1.8 10.0 0.4 1.439952318051301 1.4404226290933329 8
3.0 1.8 10.0 0.4 1.3653928398994073 1.3658387986448923 9
3.0 1.8 10.0 0.4 1.2886310093383988 1.2890518964644513 10
3.0 1.8 10.0 0.4 1.284117140336374 1.284536553161918 11
3.0 1.8 10.0 0.4 1.2709777766575816 1.2713928979605902 12
3.0 1.8 10.0 0.4 1.2008430668540813 1.2012352810593778 13
3.0 1.8 10.0 0.4 1.1401121788620179 1.140484557405496 14
3.0 1.8 10.0 0.4 1.1230831770139889 1.1234499936180171 15
3.0 1.8 10.0 0.4 1.0733798164911006 1.0737303991969733 16
3.0 1.8 10.0 0.4 1.0450047641232538 1.0453460790913829 17
3.0 1.8 10.0 0.4 1.0138206625117188 1.0141517922625045 18
3.0 1.8 10.0 0.4 0.9607291403247507 0.9610429295505689 20
3.0 1.8 10.0 0.4 0.9925937461378745 0.9929179428443963 19
3.0 1.8 10.0 0.4 0.7824707777610743 0.7827263450060693 30
3.0 1.8 10.0 0.4 0.7215041697752895 0.7217398243686142 35
3.0 1.8 10.0 0.4 0.6887733585668884 0.6889983227632236 40
3.0 1.8 10.0 0.4 0.6423833738589063 0.6425931863576647 50
3.0 1.8 10.0 0.5 0.8752127519156356 0.8754986101459348 3
3.0 1.8 10.0 0.5 1.4709796738460068 1.4714601189097367 4
3.0 1.8 10.0 0.5 1.3717843372908085 1.3722323835997219 6
3.0 1.8 10.0 0.5 1.5429971621499579 1.543501129256428 5
3.0 1.8 10.0 0.5 1.439952318051301 1.4404226290933329 8
3.0 1.8 10.0 0.5 1.3653928398994073 1.3658387986448923 9
3.0 1.8 10.0 0.5 1.2886310093383988 1.2890518964644513 10
3.0 1.8 10.0 0.5 1.284117140336374 1.284536553161918 11
3.0 1.8 10.0 0.5 1.2709777766575816 1.2713928979605902 12
3.0 1.8 10.0 0.5 1.1401121788620179 1.140484557405496 14
3.0 1.8 10.0 0.5 1.2008430668540813 1.2012352810593778 13
3.0 1.8 10.0 0.5 1.1230831770139889 1.1234499936180171 15
3.0 1.8 10.0 0.5 1.0733798164911006 1.0737303991969733 16
3.0 1.8 10.0 0.5 1.0450047641232538 1.0453460790913829 17
3.0 1.8 10.0 0.5 1.0138206625117188 1.0141517922625045 18
3.0 1.8 10.0 0.5 1.3954582435047467 1.3959140220832367 7
3.0 1.8 10.0 0.5 0.9925937461378745 0.9929179428443963 19
3.0 1.8 10.0 0.5 0.9607291403247507 0.9610429295505689 20
3.0 1.8 10.0 0.5 0.7824707777610743 0.7827263450060693 30
3.0 1.8 10.0 0.5 0.7215041697752895 0.7217398243686142 35
3.0 1.8 10.0 0.5 0.6887733585668884 0.6889983227632236 40
3.0 1.8 10.0 0.5 0.6423833738589063 0.6425931863576647 50
3.0 1.8 10.0 0.6 2.8997401920842076 2.899081864316239 3
3.0 1.8 10.0 0.6 2.86441752119056 2.8637672127255467 4
3.0 1.8 10.0 0.6 2.707116944730152 2.706502348201567 5
3.0 1.8 10.0 0.6 2.4425399284916 2.441985398860399 6
3.0 1.8 10.0 0.6 2.324300908177456 2.3237732223409306 7
3.0 1.8 10.0 0.6 1.9863978291047932 1.9859468573754289 8
3.0 1.8 10.0 0.6 1.8557650725324928 1.855343758346688 9
3.0 1.8 10.0 0.6 1.6997491549584485 1.699363261053076 10
3.0 1.8 10.0 0.6 1.5976746412335423 1.5973119212962965 11
3.0 1.8 10.0 0.6 1.5180842552101323 1.5177396046714229 12
3.0 1.8 10.0 0.6 1.4301940618937998 1.429869365058167 13
3.0 1.8 10.0 0.6 1.352598978894808 1.3522918984642358 14
3.0 1.8 10.0 0.6 1.254560666418231 1.2542758436173616 15
3.0 1.8 10.0 0.6 1.2068314417298567 1.2065574548907883 16
3.0 1.8 10.0 0.6 1.1595352197514126 1.159271970569578 17
3.0 1.8 10.0 0.6 1.097341686246069 1.0970925568568304 18
3.0 1.8 10.0 0.6 1.0474265914214 1.0471887942518732 19
3.0 1.8 10.0 0.6 1.0077531713855545 1.0075243812691874 20
3.0 1.8 10.0 0.6 0.7222582813963426 0.7220943071604485 30
3.0 1.8 10.0 0.6 0.6505170244004809 0.6503693375760309 35
3.0 1.8 10.0 0.6 0.5975571436767735 0.5974214803295178 40
3.0 1.8 10.0 0.6 0.5407156984573288 0.540592939818523 50
3.0 1.8 10.0 0.7 1.954190549530811 1.9545707196029778 3
3.0 1.8 10.0 0.7 2.8430831873457425 2.843636283429831 4
3.0 1.8 10.0 0.7 2.6388548728981758 2.6393682382133994 5
3.0 1.8 10.0 0.7 2.3960384877979073 2.3965046153846155 6
3.0 1.8 10.0 0.7 2.381256737040624 2.3817199889716023 7
3.0 1.8 10.0 0.7 2.1928082294984335 2.19323482047906 8
3.0 1.8 10.0 0.7 2.0281045821358825 2.0284991315136476 9
3.0 1.8 10.0 0.7 1.7673385134180188 1.7676823331188924 10
3.0 1.8 10.0 0.7 1.6796172655245232 1.6799440198511166 11
3.0 1.8 10.0 0.7 1.5346198466519028 1.5349183930439059 12
3.0 1.8 10.0 0.7 1.4489109039057637 1.449192776399228 13
3.0 1.8 10.0 0.7 1.2610599033916607 1.2613052311743556 15
3.0 1.8 10.0 0.7 1.346697026782474 1.3469590144919024 14
3.0 1.8 10.0 0.7 1.1952333066939058 1.195465828508409 16
3.0 1.8 10.0 0.7 1.065271044285394 1.0654782831188234 18
3.0 1.8 10.0 0.7 1.1333320949472858 1.1335525744416872 17
3.0 1.8 10.0 0.7 1.0208544914878308 1.021053089483197 19
3.0 1.8 10.0 0.7 0.9660409169700346 0.9662288514809291 20
3.0 1.8 10.0 0.7 0.6639268612067118 0.6640560221643264 30
3.0 1.8 10.0 0.7 0.5331604865731764 0.5332642081169663 40
3.0 1.8 10.0 0.7 0.5870216241411632 0.5871358238814428 35
3.0 1.8 10.0 0.7 0.47848873602697833 0.47858182167686536 50
3.0 1.8 10.0 0.8 2.4254114458094023 2.4253777507645697 4
3.0 1.8 10.0 0.8 2.065683816046763 2.0656551185204477 3
3.0 1.8 10.0 0.8 2.117562412953553 2.1175329947034816 5
3.0 1.8 10.0 0.8 2.16437286616815 2.1643427976035428 6
3.0 1.8 10.0 0.8 1.9776118179022102 1.977584343916722 7
3.0 1.8 10.0 0.8 1.7477041782081808 1.7476798982161244 8
3.0 1.8 10.0 0.8 1.7154147209651258 1.7153908895545715 9
3.0 1.8 10.0 0.8 1.5915758099111637 1.5915536989335144 10
3.0 1.8 10.0 0.8 1.4308555124495956 1.4308356342797603 11
3.0 1.8 10.0 0.8 1.3484560919359165 1.3484373585005849 12
3.0 1.8 10.0 0.8 1.2536936974224027 1.2536762804742747 13
3.0 1.8 10.0 0.8 1.1695474734615012 1.1695312255153558 14
3.0 1.8 10.0 0.8 1.1001244566164656 1.100109173130049 15
3.0 1.8 10.0 0.8 1.0241946768577335 1.0241804482262935 16
3.0 1.8 10.0 0.8 0.9614155635356574 0.9614022070634713 17
3.0 1.8 10.0 0.8 0.9121863240816647 0.912173651527019 18
3.0 1.8 10.0 0.8 0.5539125602646957 0.5539048650307249 30
3.0 1.8 10.0 0.8 0.82461223757698 0.8246007816459204 20
3.0 1.8 10.0 0.8 0.8673829789815888 0.8673709288577165 19
3.0 1.8 10.0 0.8 0.44477373157008304 0.44476755254802425 40
3.0 1.8 10.0 0.8 0.4026684711129219 0.4026628770384775 50
3.0 1.8 10.0 0.8 0.4881708859512826 0.4881641040339645 35
3.0 1.8 10.0 0.9 2.1715393592126304 2.171968503937008 3
3.0 1.8 10.0 0.9 1.875781157275628 1.8761518535673238 4
3.0 1.8 10.0 0.9 1.5226524461568332 1.5229533563206559 7
3.0 1.8 10.0 0.9 1.6980309588347524 1.6983665277134476 5
3.0 1.8 10.0 0.9 1.5105742882370008 1.5108728114867995 6
3.0 1.8 10.0 0.9 1.236789703439802 1.237034120734908 9
3.0 1.8 10.0 0.9 1.340466536028144 1.3407314421831729 8
3.0 1.8 10.0 0.9 1.1234922362032231 1.123714263385922 10
3.0 1.8 10.0 0.9 1.0526097667899503 1.0528177860120427 11
3.0 1.8 10.0 0.9 0.9629812974028357 0.9631716040356403 12
3.0 1.8 10.0 0.9 0.8931849537565869 0.8933614670715181 13
3.0 1.8 10.0 0.9 0.8292542622077386 0.829418141388783 14
3.0 1.8 10.0 0.9 0.7828296072036252 0.7829843118349703 15
3.0 1.8 10.0 0.9 0.7439053301527913 0.7440523424767983 16
3.0 1.8 10.0 0.9 0.7058659860333298 0.7060054809325306 17
3.0 1.8 10.0 0.9 0.653406785555216 0.6535359133436228 18
3.0 1.8 10.0 0.9 0.6208274914001332 0.6209501807916712 19
3.0 1.8 10.0 0.9 0.5849081688298066 0.5850237597601913 20
3.0 1.8 10.0 0.9 0.40539422697428157 0.4054743419365368 30
3.0 1.8 10.0 0.9 0.3583123958337184 0.3583832063735774 35
3.0 1.8 10.0 0.9 0.33228335130406944 0.33234901792282345 40
3.0 1.8 10.0 0.9 0.3103198264865102 0.31038115262174293 50
3.0 1.8 20.0 0.2 0.8919779670199908 0.8917673611111111 3
3.0 1.8 20.0 0.2 1.219476203486317 1.2191882716049383 4
3.0 1.8 20.0 0.2 1.1827662434185848 1.1824869791666666 5
3.0 1.8 20.0 0.2 1.214822388619535 1.2145355555555557 6
3.0 1.8 20.0 0.2 1.1572454607337843 1.1569722222222223 8
3.0 1.8 20.0 0.2 1.2119547516620437 1.2116685956790123 7
3.0 1.8 20.0 0.2 1.1256062629370824 1.1253404947916668 9
3.0 1.8 20.0 0.2 1.081963682196313 1.0817082185491276 12
3.0 1.8 20.0 0.2 1.1187295079788213 1.1184653635116597 10
3.0 1.8 20.0 0.2 1.0685841101371156 1.0683318055555555 11
3.0 1.8 20.0 0.2 1.0807938641376746 1.080538676697531 13
3.0 1.8 20.0 0.2 1.0621949117341725 1.0619441157133465 14
3.0 1.8 20.0 0.2 1.020980648208605 1.0207395833333333 15
3.0 1.8 20.0 0.2 1.0071553314285622 1.0069175308641976 16
3.0 1.8 20.0 0.2 1.0034227373998026 1.0031858181423612 17
3.0 1.8 20.0 0.2 0.9591309968077167 0.9589045353223594 19
3.0 1.8 20.0 0.2 0.8506144674831816 0.8504136279561371 30
3.0 1.8 20.0 0.2 0.9886926877727328 0.9884592464436753 18
3.0 1.8 20.0 0.2 0.9786717493277017 0.9784406740535551 20
3.0 1.8 20.0 0.2 0.8140882768985199 0.8138960616109189 35
3.0 1.8 20.0 0.2 0.7942430486385843 0.7940555190298779 40
3.0 1.8 20.0 0.2 0.7583978870294487 0.7582188208616779 50
3.0 1.8 20.0 0.3 1.1179487298220918 1.1179694373697615 3
3.0 1.8 20.0 0.3 1.3947825694360836 1.3948084047233156 5
3.0 1.8 20.0 0.3 1.3608838919399502 1.3609090993285482 6
3.0 1.8 20.0 0.3 1.3161918227441443 1.3162162023102053 4
3.0 1.8 20.0 0.3 1.3934806589469158 1.3935064701191118 7
3.0 1.8 20.0 0.3 1.3117702881925155 1.3117945858593496 8
3.0 1.8 20.0 0.3 1.3725826738564695 1.3726080979393378 9
3.0 1.8 20.0 0.3 1.2681017916824309 1.2681252804861665 10
3.0 1.8 20.0 0.3 1.2441148577937897 1.2441379022921977 11
3.0 1.8 20.0 0.3 1.1881345713584397 1.1881565789448507 12
3.0 1.8 20.0 0.3 1.1744789656850791 1.1745007203313522 13
3.0 1.8 20.0 0.3 1.1133718867260411 1.1133925094977335 14
3.0 1.8 20.0 0.3 1.0970346009061263 1.0970549210654394 15
3.0 1.8 20.0 0.3 1.063819311314241 1.0638390162331814 16
3.0 1.8 20.0 0.3 1.0391017517040666 1.0391209987844408 17
3.0 1.8 20.0 0.3 1.01588307621452 1.0159018932198678 18
3.0 1.8 20.0 0.3 0.9931208200831981 0.9931392154676866 19
3.0 1.8 20.0 0.3 0.8234263612113545 0.8234416133782674 30
3.0 1.8 20.0 0.3 0.9764985602633084 0.9765166477568998 20
3.0 1.8 20.0 0.3 0.773259599082247 0.7732739220199474 35
3.0 1.8 20.0 0.3 0.7386578790061443 0.7386715610228888 40
3.0 1.8 20.0 0.3 0.6980812089816111 0.6980941394045602 50
3.0 1.8 20.0 0.4 1.5138128646846347 1.513655148463275 3
3.0 1.8 20.0 0.4 1.8582013522274707 1.8580077559761534 4
3.0 1.8 20.0 0.4 1.9278801403167547 1.9276792845980204 5
3.0 1.8 20.0 0.4 1.7219222006112813 1.7217428025698902 6
3.0 1.8 20.0 0.4 1.6541613033098763 1.6539889649209223 8
3.0 1.8 20.0 0.4 1.6666238306937116 1.6664501938994036 7
3.0 1.8 20.0 0.4 1.63149768164768 1.63132770446258 9
3.0 1.8 20.0 0.4 1.4568604447737539 1.4567086621262693 10
3.0 1.8 20.0 0.4 1.45548055015282 1.4553289112693173 11
3.0 1.8 20.0 0.4 1.394605365585941 1.394460068968585 12
3.0 1.8 20.0 0.4 1.3411176136889875 1.3409778896799214 13
3.0 1.8 20.0 0.4 1.3166784494706782 1.316541271649931 14
3.0 1.8 20.0 0.4 1.2305624152967662 1.2304342094538807 15
3.0 1.8 20.0 0.4 1.1987881819023805 1.198663286450194 16
3.0 1.8 20.0 0.4 1.1262962042407614 1.1261788613474562 17
3.0 1.8 20.0 0.4 1.1152508241908796 1.1151346320577809 18
3.0 1.8 20.0 0.4 1.0591129994957447 1.059002656068119 19
3.0 1.8 20.0 0.4 1.0366104696672436 1.036502470660159 20
3.0 1.8 20.0 0.4 0.807622526273152 0.8075383843186873 30
3.0 1.8 20.0 0.4 0.7511244593125156 0.7510462035952752 35
3.0 1.8 20.0 0.4 0.7112215041105546 0.7111474056728975 40
3.0 1.8 20.0 0.4 0.6519715030286884 0.6519035775378365 50
3.0 1.8 20.0 0.5 1.5138128646846347 1.513655148463275 3
3.0 1.8 20.0 0.5 1.8582013522274707 1.8580077559761534 4
3.0 1.8 20.0 0.5 1.9278801403167547 1.9276792845980204 5
3.0 1.8 20.0 0.5 1.7219222006112813 1.7217428025698902 6
3.0 1.8 20.0 0.5 1.6666238306937116 1.6664501938994036 7
3.0 1.8 20.0 0.5 1.6541613033098763 1.6539889649209223 8
3.0 1.8 20.0 0.5 1.63149768164768 1.63132770446258 9
3.0 1.8 20.0 0.5 1.4568604447737539 1.4567086621262693 10
3.0 1.8 20.0 0.5 1.45548055015282 1.4553289112693173 11
3.0 1.8 20.0 0.5 1.394605365585941 1.394460068968585 12
3.0 1.8 20.0 0.5 1.3411176136889875 1.3409778896799214 13
3.0 1.8 20.0 0.5 1.3166784494706782 1.316541271649931 14
3.0 1.8 20.0 0.5 1.2305624152967662 1.2304342094538807 15
3.0 1.8 20.0 0.5 1.1987881819023805 1.198663286450194 16
3.0 1.8 20.0 0.5 1.1262962042407614 1.1261788613474562 17
3.0 1.8 20.0 0.5 1.1152508241908796 1.1151346320577809 18
3.0 1.8 20.0 0.5 1.0591129994957447 1.059002656068119 19
3.0 1.8 20.0 0.5 1.0366104696672436 1.036502470660159 20
3.0 1.8 20.0 0.5 0.807622526273152 0.8075383843186873 30
3.0 1.8 20.0 0.5 0.7511244593125156 0.7510462035952752 35
3.0 1.8 20.0 0.5 0.7112215041105546 0.7111474056728975 40
3.0 1.8 20.0 0.5 0.6519715030286884 0.6519035775378365 50
3.0 1.8 20.0 0.6 3.7739015874191937 3.773866635795323 3
3.0 1.8 20.0 0.6 3.4258741301918363 3.425842401790538 4
3.0 1.8 20.0 0.6 3.3529805323503803 3.352949479046076 6
3.0 1.8 20.0 0.6 3.7493059671772837 3.7492712433433666 5
3.0 1.8 20.0 0.6 2.947078907507212 2.9470516134214746 8
3.0 1.8 20.0 0.6 2.7069539020968008 2.7069288319055342 9
3.0 1.8 20.0 0.6 2.5066367143256025 2.5066134993525595 10
3.0 1.8 20.0 0.6 2.330866041824883 2.3308444547348923 11
3.0 1.8 20.0 0.6 2.136327279279202 2.1363074938911093 12
3.0 1.8 20.0 0.6 2.0031340492464236 2.003115497414525 13
3.0 1.8 20.0 0.6 1.8777930650190497 1.8777756740205314 14
3.0 1.8 20.0 0.6 1.734005172447033 1.733989113126149 15
3.0 1.8 20.0 0.6 1.6235706126783611 1.6235555761364517 16
3.0 1.8 20.0 0.6 1.5335141807865782 1.5334999782935868 17
3.0 1.8 20.0 0.6 1.4613552679573059 1.461341733757093 18
3.0 1.8 20.0 0.6 1.3898845846976877 1.389871712416283 19
3.0 1.8 20.0 0.6 1.3008442526971329 1.300832205054135 20
3.0 1.8 20.0 0.6 0.8718196173839974 0.871811543111088 30
3.0 1.8 20.0 0.6 3.17902072103778 3.1789912788454115 7
3.0 1.8 20.0 0.6 0.7642705042473701 0.7642634260301508 35
3.0 1.8 20.0 0.6 0.6834164072445083 0.6834100778496739 40
3.0 1.8 20.0 0.6 0.5956991342887884 0.5956936172789777 50
3.0 1.8 20.0 0.7 4.5128977901977985 4.5115188492063485 3
3.0 1.8 20.0 0.7 7.485709698774802 7.483422398589067 4
3.0 1.8 20.0 0.7 7.519656551803527 7.5173588789682535 5
3.0 1.8 20.0 0.7 6.2355427650512265 6.2336374603174605 6
3.0 1.8 20.0 0.7 5.296363813987255 5.294745480599647 7
3.0 1.8 20.0 0.7 4.564094130803005 4.56269954648526 8
3.0 1.8 20.0 0.7 4.171547891121493 4.170273251488095 9
3.0 1.8 20.0 0.7 3.6608383621822913 3.659719772682736 10
3.0 1.8 20.0 0.7 3.2350317755822213 3.2340432936507937 11
3.0 1.8 20.0 0.7 2.9401186896835823 2.9392203200839564 12
3.0 1.8 20.0 0.7 2.665857088387236 2.6650425209435626 13
3.0 1.8 20.0 0.7 2.4240019145513774 2.423261247299709 14
3.0 1.8 20.0 0.7 2.2020272917858685 2.201354450113379 15
3.0 1.8 20.0 0.7 2.051494852704111 2.050868007054674 16
3.0 1.8 20.0 0.7 1.879127609800415 1.8785534319196429 17
3.0 1.8 20.0 0.7 1.7591734070114 1.7586358818037018 18
3.0 1.8 20.0 0.7 1.63456729111281 1.6340678399960809 19
3.0 1.8 20.0 0.7 0.9321504221395844 0.9318655983994866 30
3.0 1.8 20.0 0.7 0.7890399469426501 0.7887988514033064 35
3.0 1.8 20.0 0.7 0.6894098744984806 0.6891992214812727 40
3.0 1.8 20.0 0.7 0.5766452841246588 0.5764690869545097 50
3.0 1.8 20.0 0.8 6.691383214441998 6.691104358395555 3
3.0 1.8 20.0 0.8 13.953323284873825 13.9527417954506 4
3.0 1.8 20.0 0.8 10.303181153581674 10.302751779822886 5
3.0 1.8 20.0 0.8 7.8968591849634295 7.896530092029866 6
3.0 1.8 20.0 0.8 6.707539470302635 6.707259940961973 7
3.0 1.8 20.0 0.8 5.690725511912217 5.690488357176522 8
3.0 1.8 20.0 0.8 4.292752837995217 4.292573942235342 10
3.0 1.8 20.0 0.8 4.923005451694462 4.922800290849106 9
3.0 1.8 20.0 0.7 1.5298478122899157 1.5293803587917163 20
3.0 1.8 20.0 0.8 3.76761823725941 3.7674612259072755 11
3.0 1.8 20.0 0.8 3.341176064704931 3.341036824861984 12
3.0 1.8 20.0 0.8 2.9918328772166225 2.9917081958673384 13
3.0 1.8 20.0 0.8 2.6588612250969046 2.6587504199755254 14
3.0 1.8 20.0 0.8 2.4115053609188264 2.4114048640814203 15
3.0 1.8 20.0 0.8 2.2037305253214234 2.2036386872720954 16
3.0 1.8 20.0 0.8 2.0144652179896365 2.0143812673641257 17
3.0 1.8 20.0 0.8 1.8693108216948187 1.8692329202193527 18
3.0 1.8 20.0 0.8 1.7246357433428958 1.7245638710424265 19
3.0 1.8 20.0 0.8 1.5964667601475995 1.5964002291487396 20
3.0 1.8 20.0 0.8 0.9145664524869762 0.9145283389345199 30
3.0 1.8 20.0 0.8 0.7523595525574627 0.7523281987994119 35
3.0 1.8 20.0 0.8 0.6503248706442023 0.6502977690694576 40
3.0 1.8 20.0 0.8 0.5315193366066887 0.5314971861220932 50
3.0 1.8 20.0 0.9 7.453379655928497 7.454231141987221 4
3.0 1.8 20.0 0.9 6.794359270419126 6.795135468930916 5
3.0 1.8 20.0 0.9 8.275019141001259 8.275964492473948 3
3.0 1.8 20.0 0.9 6.383761021512016 6.384490312620609 6
3.0 1.8 20.0 0.9 5.363746257556922 5.3643590205411895 7
3.0 1.8 20.0 0.9 4.805216685207017 4.805765640876188 8
3.0 1.8 20.0 0.9 4.209683880189681 4.210164801235045 9
3.0 1.8 20.0 0.9 3.6542720488936338 3.654689518799644 10
3.0 1.8 20.0 0.9 3.2175998419323775 3.2179674257043605 11
3.0 1.8 20.0 0.9 2.8943767300127843 2.8947073882575096 12
3.0 1.8 20.0 0.9 2.5642981564265734 2.564591105965093 13
3.0 1.8 20.0 0.9 2.287824065298764 2.288085429993217 14
3.0 1.8 20.0 0.9 2.068017970111308 2.0682542238045354 15
3.0 1.8 20.0 0.9 1.8757120589680047 1.8759263433251854 16
3.0 1.8 20.0 0.9 1.7086007349218306 1.708795928213045 17
3.0 1.8 20.0 0.9 1.56655789119878 1.5667368572874696 18
3.0 1.8 20.0 0.9 1.3528843612597765 1.3530389169413408 20
3.0 1.8 20.0 0.9 1.44969819573004 1.4498638115794942 19
3.0 1.8 20.0 0.9 0.7508906060978852 0.7509763890463238 30
3.0 1.8 20.0 0.9 0.6124972983819519 0.6125672710567188 35
3.0 1.8 20.0 0.9 0.5336489432791941 0.5337099081912785 40
3.0 1.8 20.0 0.9 0.43572487985769215 0.43577465776754865 50
3.0 1.8 30.0 0.2 1.3716516616649994 1.3711944444444442 3
3.0 1.8 30.0 0.2 1.4109981104812717 1.4105277777777778 5
3.0 1.8 30.0 0.2 1.1417540414706133 1.1413734567901235 4
3.0 1.8 30.0 0.2 1.3943125486273202 1.393847777777778 6
3.0 1.8 30.0 0.2 1.2655082558383657 1.2650864197530864 7
3.0 1.8 30.0 0.2 1.3012557473806463 1.3008219954648528 8
3.0 1.8 30.0 0.2 1.2895270645770813 1.2890972222222223 9
3.0 1.8 30.0 0.2 1.2421623394355046 1.2417482853223596 10
3.0 1.8 30.0 0.2 1.1977014560409025 1.1973022222222223 11
3.0 1.8 30.0 0.2 1.169541821562192 1.1691519742883378 12
3.0 1.8 30.0 0.2 1.1064710590578186 1.1061022353714662 14
3.0 1.8 30.0 0.2 1.1209230237239571 1.1205493827160493 13
3.0 1.8 30.0 0.2 1.082580247837715 1.082219387755102 15
3.0 1.8 30.0 0.2 1.0679964926580463 1.0676404938271604 16
3.0 1.8 30.0 0.2 1.0393985495165055 1.0390520833333334 17
3.0 1.8 30.0 0.2 1.0064947639216917 1.006159265667051 18
3.0 1.8 30.0 0.2 1.0063141760559418 1.0059787379972565 19
3.0 1.8 30.0 0.2 0.9903346514088877 0.990004539858418 20
3.0 1.8 30.0 0.2 0.8552112495683264 0.8549261791518035 30
3.0 1.8 30.0 0.2 0.8216122982939719 0.8213384275278739 35
3.0 1.8 30.0 0.2 0.7977309735139267 0.7974650631894222 40
3.0 1.8 30.0 0.2 0.7624699116467023 0.7622157550094868 50
3.0 1.8 30.0 0.3 1.449114552459988 1.4493561834182491 3
3.0 1.8 30.0 0.3 1.7260808758150563 1.7263686892079664 5
3.0 1.8 30.0 0.3 1.6186277415530528 1.6188976377952755 4
3.0 1.8 30.0 0.3 1.4490589804386484 1.449300602130616 7
3.0 1.8 30.0 0.3 1.6111655305275636 1.6114341824918943 6
3.0 1.8 30.0 0.3 1.397792633002371 1.3980257063455304 9
3.0 1.8 30.0 0.3 1.4700682288327305 1.4703133536879318 8
3.0 1.8 30.0 0.3 1.3170610221958767 1.3172806340383922 10
3.0 1.8 30.0 0.3 1.3304875518672197 1.3307094025011579 11
3.0 1.8 30.0 0.3 1.2667882617194193 1.2669994908876547 12
3.0 1.8 30.0 0.3 1.200295457913456 1.2004955998147289 13
3.0 1.8 30.0 0.3 1.1938490212309236 1.1940480882284426 14
3.0 1.8 30.0 0.3 1.1273014226437463 1.12748939323761 16
3.0 1.8 30.0 0.3 1.15560241583296 1.1557951054437523 15
3.0 1.8 30.0 0.3 1.097674484569502 1.0978575150532655 17
3.0 1.8 30.0 0.3 1.0505331709203087 1.0507083408793318 18
3.0 1.8 30.0 0.3 1.0268515774221165 1.0270227986207607 19
3.0 1.8 30.0 0.3 0.8359748508740336 0.8361142445499553 30
3.0 1.8 30.0 0.3 0.9986264525695108 0.9987929674018057 20
3.0 1.8 30.0 0.3 0.7819399391438295 0.7820703228298375 35
3.0 1.8 30.0 0.3 0.6950586127050896 0.6951745094631135 50
3.0 1.8 30.0 0.3 0.7457780609113199 0.7459024148260619 40
3.0 1.8 30.0 0.4 2.252042134655859 2.2515260416666663 3
3.0 1.8 30.0 0.4 2.261799193179301 2.261280864197531 4
3.0 1.8 30.0 0.4 2.2024365826890886 2.2019318576388884 5
3.0 1.8 30.0 0.4 1.9144409482728681 1.914002222222222 6
3.0 1.8 30.0 0.4 1.932546077303209 1.9321032021604938 7
3.0 1.8 30.0 0.4 1.796820501523663 1.7964087301587304 8
3.0 1.8 30.0 0.4 1.5945139005192117 1.5941484910836763 10
3.0 1.8 30.0 0.4 1.6574756498016907 1.6570958116319443 9
3.0 1.8 30.0 0.4 1.508372265866483 1.5080265972222224 11
3.0 1.8 30.0 0.4 1.3912782009789089 1.3909593663911846 12
3.0 1.8 30.0 0.4 1.3976012925029888 1.3972810088734569 13
3.0 1.8 30.0 0.4 1.3303952833043635 1.3300904010519394 14
3.0 1.8 30.0 0.4 1.2874718809568464 1.2871768353174604 15
3.0 1.8 30.0 0.4 1.226796819950251 1.2265156790123455 16
3.0 1.8 30.0 0.4 1.1581244258666916 1.1578590223524303 17
3.0 1.8 30.0 0.4 1.1256299291771088 1.1253719723183393 18
3.0 1.8 30.0 0.4 1.0629945262733054 1.0627509233610342 20
3.0 1.8 30.0 0.4 1.0915146921100833 1.0912645533264747 19
3.0 1.8 30.0 0.4 0.8349446939827925 0.8347533524904216 30
3.0 1.8 30.0 0.4 0.7191470713207265 0.7189822667835487 40
3.0 1.8 30.0 0.4 0.7654472275136679 0.7652718125240292 35
3.0 1.8 30.0 0.4 0.6492268504762013 0.6490780693229672 50
3.0 1.8 30.0 0.5 2.252042134655859 2.2515260416666663 3
3.0 1.8 30.0 0.5 2.261799193179301 2.261280864197531 4
3.0 1.8 30.0 0.5 2.2024365826890886 2.2019318576388884 5
3.0 1.8 30.0 0.5 1.9144409482728681 1.914002222222222 6
