7.111111111111111427e+01 1.198024691358024683e+02
7.108641975308641747e+01 1.048690748361530325e+02
7.109876543209875877e+01 1.272988873647310015e+02
7.108641975308641747e+01 1.130419143423258532e+02
7.111111111111111427e+01 9.553086419753084613e+01
7.109876543209875877e+01 9.399024538942234130e+01
7.111111111111111427e+01 1.046419753086419746e+02
7.111111111111111427e+01 8.185185185185184764e+01
7.109876543209875877e+01 7.952110958695323006e+01
7.111111111111111427e+01 8.466666666666667140e+01
7.107407407407407618e+01 1.013278463648834133e+02
7.109876543209875877e+01 8.601493674744702389e+01
7.108641975308641747e+01 1.004987044657826658e+02
7.109876543209875877e+01 9.853345526596552872e+01
7.107407407407407618e+01 9.885871056241427368e+01
7.106172839506173489e+01 1.049221155311690268e+02
7.107407407407407618e+01 1.041920438957475881e+02
7.111111111111111427e+01 8.449382716049382225e+01
7.106172839506173489e+01 8.445297972869988712e+01
7.107407407407407618e+01 7.767352537722908323e+01
7.109876543209875877e+01 8.413839353757049366e+01
7.107407407407407618e+01 1.050562414266118054e+02
7.111111111111111427e+01 1.067407407407407192e+02
7.111111111111111427e+01 7.851851851851853326e+01
7.109876543209875877e+01 1.055458009449778984e+02
