1.0 1.8 10.0 0.1 1.0457413032800154 1.0457203056213653 10
1.0 1.8 10.0 0.1 0.8003861969326517 0.8004223254464324 3
1.0 1.8 10.0 0.1 1.0027706774344918 1.0027630982362212 7
1.0 1.8 10.0 0.1 1.0575354613950494 1.057548746739481 8
1.0 1.8 10.0 0.1 1.0823472924538786 1.082349796800157 9
1.0 1.8 10.0 0.1 1.051711491442543 1.0517246686102286 6
1.0 1.8 10.0 0.1 1.0021497832851745 1.0021889496507055 5
1.0 1.8 10.0 0.1 0.863383220962683 0.8634028097668659 4
1.0 1.8 10.0 0.1 0.9940177534065743 0.994014125459133 20
1.0 1.8 10.0 0.1 1.0282431082339714 1.0282390132497434 18
1.0 1.8 10.0 0.1 1.03502750775649 1.0350249254970147 14
1.0 1.8 10.0 0.1 1.0083450643352843 1.0083490761852019 16
1.0 1.8 10.0 0.1 0.9516642897778876 0.9516662363745209 40
1.0 1.8 10.0 0.1 0.9576470184454678 0.9576483750071965 35
1.0 1.8 10.0 0.1 1.0265219635584768 1.0265252688926143 12
1.0 1.8 10.0 0.1 0.9764525555817795 0.9764545283929326 30
1.0 1.8 10.0 0.2 1.1279570968100479 1.1279559363927774 6
1.0 1.8 10.0 0.2 1.1430893631210404 1.1431136651727198 3
1.0 1.8 10.0 0.2 1.1100271270979216 1.1100267817601666 9
1.0 1.8 10.0 0.2 0.9242957529052892 0.924256696550908 4
1.0 1.8 10.0 0.2 1.1921091752806492 1.1921239364868546 5
1.0 1.8 10.0 0.1 0.9308342989635625 0.9308351300137504 50
1.0 1.8 10.0 0.2 1.154462485227502 1.154479044594536 8
1.0 1.8 10.0 0.2 1.2274477294900767 1.2274377475676335 7
1.0 1.8 10.0 0.2 0.9293706802690478 0.9293679647281003 35
1.0 1.8 10.0 0.2 0.9650815366253013 0.9650798742527361 30
1.0 1.8 10.0 0.2 1.0112312753066042 1.0112299463258758 20
1.0 1.8 10.0 0.2 1.027363792544458 1.0273620115128148 18
1.0 1.8 10.0 0.2 1.1529693711346858 1.1529678907666068 10
1.0 1.8 10.0 0.2 1.108357055657671 1.108366337715281 12
1.0 1.8 10.0 0.2 1.0521212527778816 1.0521202603609263 14
1.0 1.8 10.0 0.2 1.0534095315722525 1.0534114370308572 16
1.0 1.8 10.0 0.2 0.8988759822563399 0.898871750694214 40
1.0 1.8 10.0 0.3 0.9852243782707358 0.985296952822218 3
1.0 1.8 10.0 0.2 0.8673938908878738 0.8673930209778952 50
1.0 1.8 10.0 0.3 1.608000535152853 1.6079486868407855 4
1.0 1.8 10.0 0.3 1.635554925207243 1.6355547694404458 5
1.0 1.8 10.0 0.3 1.6140804375903717 1.6140678022450774 7
1.0 1.8 10.0 0.3 1.771101375445746 1.7711303987363363 6
1.0 1.8 10.0 0.3 1.5057260620174524 1.5057274412455248 8
1.0 1.8 10.0 0.3 1.3734366361297927 1.3734301218244283 10
1.0 1.8 10.0 0.3 1.400050218820914 1.400067142134949 9
1.0 1.8 10.0 0.3 1.2930261681835216 1.292999968660353 12
1.0 1.8 10.0 0.3 1.0955996948328768 1.0955914067427448 20
1.0 1.8 10.0 0.3 1.1572320069765016 1.1572255895407877 18
1.0 1.8 10.0 0.3 1.201561164369111 1.2015607227858687 16
1.0 1.8 10.0 0.3 0.9620184195642298 0.9620166596390289 30
1.0 1.8 10.0 0.3 1.2465492734468795 1.2465478611432488 14
1.0 1.8 10.0 0.3 0.8587059513192984 0.8587072646164348 40
1.0 1.8 10.0 0.3 0.9029582587718658 0.9029571529752467 35
1.0 1.8 10.0 0.3 0.8134105656473545 0.8134117483540321 50
1.0 1.8 10.0 0.4 1.8754280881392666 1.8753941391081757 5
1.0 1.8 10.0 0.4 1.8941556330494465 1.894147082221003 6
1.0 1.8 10.0 0.4 1.7041705452204643 1.704122671150197 7
1.0 1.8 10.0 0.4 1.8285748688238375 1.8284343212752714 4
1.0 1.8 10.0 0.4 1.1365262514414327 1.1365456616986043 3
1.0 1.8 10.0 0.4 1.5073276445948012 1.507311153392206 9
1.0 1.8 10.0 0.4 1.569716289755826 1.569682724429898 8
1.0 1.8 10.0 0.4 1.5074017986198267 1.5073926675545144 10
1.0 1.8 10.0 0.4 1.3099171308257327 1.309915150565195 14
1.0 1.8 10.0 0.4 1.221991654741561 1.2219877437716746 16
1.0 1.8 10.0 0.4 1.3944477442690886 1.3944429175484125 12
1.0 1.8 10.0 0.4 1.1297901526484087 1.1297881519711088 20
1.0 1.8 10.0 0.4 1.2001789018243187 1.2001766224269794 18
1.0 1.8 10.0 0.4 0.8220186160169125 0.8220193177039161 40
1.0 1.8 10.0 0.4 0.8816402351327819 0.8816423820186521 35
1.0 1.8 10.0 0.5 1.1365262514414327 1.1365456616986043 3
1.0 1.8 10.0 0.4 0.9371707903058014 0.937171092791713 30
1.0 1.8 10.0 0.4 0.7533280811040701 0.7533288279074637 50
1.0 1.8 10.0 0.5 1.8285748688238375 1.8284343212752714 4
1.0 1.8 10.0 0.5 1.8941556330494465 1.894147082221003 6
1.0 1.8 10.0 0.5 1.8754280881392666 1.8753941391081757 5
1.0 1.8 10.0 0.5 1.569716289755826 1.569682724429898 8
1.0 1.8 10.0 0.5 1.5073276445948012 1.507311153392206 9
1.0 1.8 10.0 0.5 1.5074017986198267 1.5073926675545144 10
1.0 1.8 10.0 0.5 1.7041705452204643 1.704122671150197 7
1.0 1.8 10.0 0.5 1.3944477442690886 1.3944429175484125 12
1.0 1.8 10.0 0.5 1.3099171308257327 1.309915150565195 14
1.0 1.8 10.0 0.5 1.221991654741561 1.2219877437716746 16
1.0 1.8 10.0 0.5 1.2001789018243187 1.2001766224269794 18
1.0 1.8 10.0 0.5 1.1297901526484087 1.1297881519711088 20
1.0 1.8 10.0 0.5 0.8816402351327819 0.8816423820186521 35
1.0 1.8 10.0 0.5 0.8220186160169125 0.8220193177039161 40
1.0 1.8 10.0 0.5 0.9371707903058014 0.937171092791713 30
1.0 1.8 10.0 0.5 0.7533280811040701 0.7533288279074637 50
1.0 1.8 10.0 0.6 2.5364317704591643 2.5364434507889584 4
1.0 1.8 10.0 0.6 3.3468197281940757 3.346934940679525 3
1.0 1.8 10.0 0.6 3.2661418164330374 3.266232872402107 5
1.0 1.8 10.0 0.6 2.3751847959674404 2.375201265945655 9
1.0 1.8 10.0 0.6 2.551960568943986 2.5519894259644453 7
1.0 1.8 10.0 0.6 2.6040795824947014 2.6041021111122635 6
1.0 1.8 10.0 0.6 2.546556769939153 2.5465591633158393 8
1.0 1.8 10.0 0.6 2.145795139967759 2.145802450074898 10
1.0 1.8 10.0 0.6 1.7105228544143458 1.7105271631249048 14
1.0 1.8 10.0 0.6 1.9358114160372355 1.935816365956073 12
1.0 1.8 10.0 0.6 1.5374635405225154 1.537472643566363 16
1.0 1.8 10.0 0.6 1.2898258221992782 1.2898317810014543 20
1.0 1.8 10.0 0.6 1.4082344534566238 1.4082406160868008 18
1.0 1.8 10.0 0.6 0.9243425512095272 0.924343641577665 30
1.0 1.8 10.0 0.6 0.8123720095132753 0.8123721870923943 35
1.0 1.8 10.0 0.6 0.7326240030228061 0.7326248539410177 40
1.0 1.8 10.0 0.6 0.6412914749888655 0.6412926430323326 50
1.0 1.8 10.0 0.7 2.704674091656016 2.704736986777265 3
1.0 1.8 10.0 0.7 4.0199975479365175 4.020057048098372 4
1.0 1.8 10.0 0.7 2.8481704122377374 2.848192066000571 5
1.0 1.8 10.0 0.7 2.8766039802811756 2.8766210061523427 6
1.0 1.8 10.0 0.7 2.8202465470447775 2.8202689751408005 7
1.0 1.8 10.0 0.7 2.7394672469967576 2.7394817504196163 8
1.0 1.8 10.0 0.7 2.450186699716601 2.4501782768915685 9
1.0 1.8 10.0 0.7 2.342988210788471 2.3430100125725257 10
1.0 1.8 10.0 0.7 2.0159957450524324 2.0159957817195444 12
1.0 1.8 10.0 0.7 1.8036973288536076 1.8037004742995535 14
1.0 1.8 10.0 0.7 1.5926202415194322 1.5926224870564558 16
1.0 1.8 10.0 0.7 1.4191294206534442 1.4191345564227913 18
1.0 1.8 10.0 0.7 0.8646904095124621 0.8646927293274921 30
1.0 1.8 10.0 0.7 1.2886385207904443 1.2886450305789074 20
1.0 1.8 10.0 0.7 0.7485178180873673 0.7485199476425106 35
1.0 1.8 10.0 0.7 0.6629282014758404 0.6629289443923166 40
1.0 1.8 10.0 0.7 0.5716066863739497 0.5716072795933972 50
1.0 1.8 10.0 0.8 4.242530755711775 4.242516271461933 3
1.0 1.8 10.0 0.8 3.624268975380766 3.624237118189976 4
1.0 1.8 10.0 0.8 3.4723198594024605 3.472338428638515 5
1.0 1.8 10.0 0.8 3.398362288738998 3.3983670841612827 6
1.0 1.8 10.0 0.8 2.681892663935913 2.681903659792961 7
1.0 1.8 10.0 0.8 2.4748565083139202 2.4748820932956765 8
1.0 1.8 10.0 0.8 2.36474910910897 2.3647556863873676 9
1.0 1.8 10.0 0.8 2.1644734105700456 2.164485266512023 10
1.0 1.8 10.0 0.8 1.8014663125128558 1.8014711480863304 12
1.0 1.8 10.0 0.8 1.571009513730123 1.5710099864556866 14
1.0 1.8 10.0 0.8 1.395625885198744 1.3956288963065149 16
1.0 1.8 10.0 0.8 1.0728498354877707 1.0728541046731828 20
1.0 1.8 10.0 0.8 1.2033457799405833 1.20335344219655 18
1.0 1.8 10.0 0.8 0.702791931435927 0.7027945759348203 30
1.0 1.8 10.0 0.8 0.6029127594401567 0.6029139304266866 35
1.0 1.8 10.0 0.8 0.5392812642108773 0.5392827440412747 40
1.0 1.8 10.0 0.8 0.4669200281840606 0.4669208098309262 50
1.0 1.8 10.0 0.9 4.21707040705429 4.21697745557688 3
1.0 1.8 10.0 0.9 2.376098651385664 2.3760865217037193 6
1.0 1.8 10.0 0.9 2.560362301165835 2.5603819488206807 5
1.0 1.8 10.0 0.9 2.917511265897128 2.9175345142327433 4
1.0 1.8 10.0 0.9 2.077510504316993 2.0774986960385387 7
1.0 1.8 10.0 0.9 1.7494910470594773 1.7494893414769064 9
1.0 1.8 10.0 0.9 1.931586454173627 1.9315733257891614 8
1.0 1.8 10.0 0.9 1.5754379047657383 1.5754367884966427 10
1.0 1.8 10.0 0.9 1.351999497428557 1.351992759397085 12
1.0 1.8 10.0 0.9 0.7634922841218803 0.7634892424644564 20
1.0 1.8 10.0 0.9 0.8578661349380118 0.8578615407068887 18
1.0 1.8 10.0 0.9 0.9770702080829037 0.9770645570116575 16
1.0 1.8 10.0 0.9 1.148363361489266 1.1483592463539707 14
1.0 1.8 10.0 0.9 0.4997093650434968 0.4997076848719476 30
1.0 1.8 10.0 0.9 0.42672509224855715 0.4267236890245193 35
1.0 1.8 10.0 0.9 0.39049339155168705 0.3904919143277242 40
1.0 1.8 20.0 0.1 1.2338292906559973 1.233764033665354 3
1.0 1.8 10.0 0.9 0.34815585492575096 0.3481549976008271 50
1.0 1.8 20.0 0.1 1.0318256647495205 1.0318349934368003 5
1.0 1.8 20.0 0.1 1.0444277736100693 1.0444264921627675 4
1.0 1.8 20.0 0.1 1.077420466227668 1.0774342830669448 6
1.0 1.8 20.0 0.1 1.061175015976216 1.0612012585900703 7
1.0 1.8 20.0 0.1 1.0352202563112434 1.0352420181878634 8
1.0 1.8 20.0 0.1 1.0435903246644995 1.043600600339742 9
1.0 1.8 20.0 0.1 1.0763846517184852 1.0763890510385297 16
1.0 1.8 20.0 0.1 1.1004247848004243 1.1004265767154138 12
1.0 1.8 20.0 0.1 1.0477829845364037 1.0477875031011288 14
1.0 1.8 20.0 0.1 1.047897776913364 1.0479015520037063 10
1.0 1.8 20.0 0.1 1.0340778197240585 1.034080493977967 18
1.0 1.8 20.0 0.1 0.9848269307384976 0.9848302623507924 30
1.0 1.8 20.0 0.1 1.0376390650448086 1.0376402987950961 20
1.0 1.8 20.0 0.1 0.9669396155267193 0.9669375429987772 35
1.0 1.8 20.0 0.1 0.9354224112972106 0.9354226501736546 50
1.0 1.8 20.0 0.2 1.0985193314224946 1.0985342084543475 4
1.0 1.8 20.0 0.1 0.9491593805749267 0.9491625395950781 40
1.0 1.8 20.0 0.2 0.9347069609790656 0.9346727335531858 3
1.0 1.8 20.0 0.2 1.2268595371386501 1.226873310693157 5
1.0 1.8 20.0 0.2 1.3281498048258715 1.328156192707442 6
1.0 1.8 20.0 0.2 1.2443431144203507 1.2443413358495103 7
1.0 1.8 20.0 0.2 1.2507547422819825 1.2507566645082826 8
1.0 1.8 20.0 0.2 1.214236383901277 1.214242245272413 10
1.0 1.8 20.0 0.2 1.154538011177725 1.154546961828915 14
1.0 1.8 20.0 0.2 1.1496894469123042 1.1496910168253336 12
1.0 1.8 20.0 0.2 1.2512083344909497 1.2512345544514931 9
1.0 1.8 20.0 0.2 1.149814889416762 1.149820354055011 16
1.0 1.8 20.0 0.2 1.102801769812052 1.1028006170349718 18
1.0 1.8 20.0 0.2 1.085973086784252 1.085972004196241 20
1.0 1.8 20.0 0.2 0.9835720602677847 0.9835715401241708 30
1.0 1.8 20.0 0.2 0.9513467397011274 0.9513468041953718 35
1.0 1.8 20.0 0.2 0.9297353500719278 0.9297382239249575 40
1.0 1.8 20.0 0.2 0.8854121567960689 0.8854113446883553 50
1.0 1.8 20.0 0.3 0.8261083994776375 0.826057479039112 3
1.0 1.8 20.0 0.3 1.4706685642955568 1.470590311256409 4
1.0 1.8 20.0 0.3 1.2920506432282741 1.2920718699274998 6
1.0 1.8 20.0 0.3 1.477208579155514 1.4771599369701844 5
1.0 1.8 20.0 0.3 1.4516179241545313 1.451594860541415 7
1.0 1.8 20.0 0.3 1.31433516066956 1.3143267339220932 8
1.0 1.8 20.0 0.3 1.3071720357781256 1.3071593559824073 9
1.0 1.8 20.0 0.3 1.3482998578379128 1.3482932658106546 10
1.0 1.8 20.0 0.3 1.284634510445145 1.2846339193419922 12
1.0 1.8 20.0 0.3 1.2719252523373716 1.271924998164798 14
1.0 1.8 20.0 0.3 1.1863391301573776 1.18633755934219 16
1.0 1.8 20.0 0.3 1.1539879396681516 1.1539909847844623 18
1.0 1.8 20.0 0.3 1.1140664091832806 1.1140693303651492 20
1.0 1.8 20.0 0.3 0.9701373219617888 0.9701334042320521 30
1.0 1.8 20.0 0.3 0.931630326277218 0.9316320033912919 35
1.0 1.8 20.0 0.3 0.8860723315829853 0.8860710764728533 40
1.0 1.8 20.0 0.3 0.8311702899876657 0.831169483045803 50
1.0 1.8 20.0 0.4 1.4756750279597382 1.475648319639367 3
1.0 1.8 20.0 0.4 2.242544648749279 2.242587691463169 4
1.0 1.8 20.0 0.4 2.007722358065256 2.0077497850849153 5
1.0 1.8 20.0 0.4 1.9770259174614642 1.9770417367480664 6
1.0 1.8 20.0 0.4 1.8854501691477312 1.8854575739081942 7
1.0 1.8 20.0 0.4 1.8444748169556868 1.8444904661183452 8
1.0 1.8 20.0 0.4 1.7901399159123905 1.7901398763248295 9
1.0 1.8 20.0 0.4 1.7520031058657175 1.7519980825865549 10
1.0 1.8 20.0 0.4 1.5739830942400903 1.5739858498749106 12
1.0 1.8 20.0 0.4 1.4884475077267687 1.4884435312720177 14
1.0 1.8 20.0 0.4 1.3980013476246378 1.3980008568517746 16
1.0 1.8 20.0 0.4 1.343165261310609 1.3431631658268617 18
1.0 1.8 20.0 0.4 1.2560357310451875 1.2560308886342464 20
1.0 1.8 20.0 0.4 1.0184806225620435 1.0184783124442505 30
1.0 1.8 20.0 0.4 0.941466968474078 0.94146571039948 35
1.0 1.8 20.0 0.4 0.8742969064603568 0.8742984931268509 40
1.0 1.8 20.0 0.5 1.4756750279597382 1.475648319639367 3
1.0 1.8 20.0 0.4 0.7971491857367967 0.7971482073489855 50
1.0 1.8 20.0 0.5 2.242544648749279 2.242587691463169 4
1.0 1.8 20.0 0.5 2.007722358065256 2.0077497850849153 5
1.0 1.8 20.0 0.5 1.9770259174614642 1.9770417367480664 6
1.0 1.8 20.0 0.5 1.8854501691477312 1.8854575739081942 7
1.0 1.8 20.0 0.5 1.8444748169556868 1.8444904661183452 8
1.0 1.8 20.0 0.5 1.7901399159123905 1.7901398763248295 9
1.0 1.8 20.0 0.5 1.5739830942400903 1.5739858498749106 12
1.0 1.8 20.0 0.5 1.7520031058657175 1.7519980825865549 10
1.0 1.8 20.0 0.5 1.4884475077267687 1.4884435312720177 14
1.0 1.8 20.0 0.5 1.3980013476246378 1.3980008568517746 16
1.0 1.8 20.0 0.5 1.2560357310451875 1.2560308886342464 20
1.0 1.8 20.0 0.5 1.343165261310609 1.3431631658268617 18
1.0 1.8 20.0 0.5 1.0184806225620435 1.0184783124442505 30
1.0 1.8 20.0 0.5 0.941466968474078 0.94146571039948 35
1.0 1.8 20.0 0.5 0.8742969064603568 0.8742984931268509 40
1.0 1.8 20.0 0.5 0.7971491857367967 0.7971482073489855 50
1.0 1.8 20.0 0.6 6.928401570828529 6.928410889007804 3
1.0 1.8 20.0 0.6 7.311659316271774 7.311379801095652 4
1.0 1.8 20.0 0.6 6.396104048866105 6.396080744042647 6
1.0 1.8 20.0 0.6 7.4710809750066 7.470989430595475 5
1.0 1.8 20.0 0.6 5.319499180059205 5.319492892105956 7
1.0 1.8 20.0 0.6 4.933980271834765 4.933970306102152 8
1.0 1.8 20.0 0.6 4.376866646869225 4.376830628553995 9
1.0 1.8 20.0 0.6 3.9901647125358988 3.990145316282886 10
1.0 1.8 20.0 0.6 3.3389788428114007 3.338965800794908 12
1.0 1.8 20.0 0.6 2.8515589126600673 2.8515480759284317 14
1.0 1.8 20.0 0.6 2.4897557672428126 2.489750549846864 16
1.0 1.8 20.0 0.6 2.1940440048570493 2.1940409226744615 18
1.0 1.8 20.0 0.6 1.9473462410941988 1.9473468248303225 20
1.0 1.8 20.0 0.6 1.2478392140368462 1.2478393283157998 30
1.0 1.8 20.0 0.6 0.9337739335099678 0.9337731791765489 40
1.0 1.8 20.0 0.6 1.0628195726957592 1.0628190054682911 35
1.0 1.8 20.0 0.6 0.7689288153072596 0.7689294525162458 50
1.0 1.8 20.0 0.7 18.773549581304025 18.77326548026134 4
1.0 1.8 20.0 0.7 28.682940504022895 28.682664553883072 3
1.0 1.8 20.0 0.7 15.826670434202743 15.82640595587909 5
1.0 1.8 20.0 0.7 14.129719885842661 14.129533266954024 6
1.0 1.8 20.0 0.7 11.82085680187457 11.820693635010944 7
1.0 1.8 20.0 0.7 8.67168211637618 8.671562760343036 9
1.0 1.8 20.0 0.7 10.472967181021648 10.47280692992133 8
1.0 1.8 20.0 0.7 7.892544916777551 7.89246095696533 10
1.0 1.8 20.0 0.7 6.035332495098313 6.035286700767026 12
1.0 1.8 20.0 0.7 4.825961453027442 4.825932128477642 14
1.0 1.8 20.0 0.7 3.952077523256846 3.9520634763586546 16
1.0 1.8 20.0 0.7 3.309811224731484 3.30979547398587 18
1.0 1.8 20.0 0.7 2.840729111320137 2.840718988738353 20
1.0 1.8 20.0 0.7 1.2647684813822293 1.264765401755515 35
1.0 1.8 20.0 0.7 1.5714591520338586 1.571455768981692 30
1.0 1.8 20.0 0.7 1.0705531262260477 1.0705509286782962 40
1.0 1.8 20.0 0.8 49.73544518763935 49.73415832690946 3
1.0 1.8 20.0 0.7 0.8250219134886874 0.8250208914131446 50
1.0 1.8 20.0 0.8 43.18880546275266 43.18876926562834 4
1.0 1.8 20.0 0.8 40.409502562980556 40.40949081302051 5
1.0 1.8 20.0 0.8 32.186504136192205 32.18646494667893 6
1.0 1.8 20.0 0.8 25.444600530809403 25.44450695676293 7
1.0 1.8 20.0 0.8 20.54530207407086 20.54526781711109 8
1.0 1.8 20.0 0.8 16.889615262063025 16.889595387265494 9
1.0 1.8 20.0 0.8 14.067490963883579 14.067482598649171 10
1.0 1.8 20.0 0.8 10.199637007237296 10.199628833563898 12
1.0 1.8 20.0 0.8 7.657334501040772 7.657327370453403 14
1.0 1.8 20.0 0.8 6.005420429910855 6.005417567188363 16
1.0 1.8 20.0 0.8 4.86780859550343 4.8678058077111785 18
1.0 1.8 20.0 0.8 4.022049301988044 4.022047898976456 20
1.0 1.8 20.0 0.8 1.9864604105276606 1.9864590247923724 30
1.0 1.8 20.0 0.8 1.5317368654546601 1.5317360724577074 35
1.0 1.8 20.0 0.8 1.2546036178992999 1.2546029645478873 40
1.0 1.8 20.0 0.8 0.9050025643286297 0.9050019632971987 50
1.0 1.8 20.0 0.9 19.65140801590462 19.651639698702567 3
1.0 1.8 20.0 0.9 18.375787847823563 18.37581493799809 4
1.0 1.8 20.0 0.9 25.08107687285255 25.081130831892732 5
1.0 1.8 20.0 0.9 20.839368630973876 20.839455170583964 6
1.0 1.8 20.0 0.9 16.681736491207488 16.681787091938975 7
1.0 1.8 20.0 0.9 14.150986677119889 14.150990853383002 8
1.0 1.8 20.0 0.9 11.757978792165616 11.758011292834908 9
1.0 1.8 20.0 0.9 9.933805976284157 9.933828390964969 10
1.0 1.8 20.0 0.9 7.309012420791276 7.309023504147915 12
1.0 1.8 20.0 0.9 5.577785421794937 5.577792896197082 14
1.0 1.8 20.0 0.9 4.440132661996948 4.440137545785903 16
1.0 1.8 20.0 0.9 3.58431399040201 3.584319997486032 18
1.0 1.8 20.0 0.9 2.9748765876758867 2.9748794334446456 20
1.0 1.8 20.0 0.9 1.4874158235082513 1.4874167411953454 30
1.0 1.8 20.0 0.9 1.1488136479874675 1.1488146218949145 35
1.0 1.8 20.0 0.9 0.6922723505998678 0.6922729628294171 50
1.0 1.8 20.0 0.9 0.9527912526870281 0.9527919754222203 40
1.0 1.8 30.0 0.1 1.0177772528968794 1.017622390493149 3
1.0 1.8 30.0 0.1 1.0931478342487873 1.0931270409521543 4
1.0 1.8 30.0 0.1 1.116289771306305 1.1163058323504373 6
1.0 1.8 30.0 0.1 1.1274053824992358 1.1273262057939797 5
1.0 1.8 30.0 0.1 1.0806271091721396 1.0805859343160253 7
1.0 1.8 30.0 0.1 1.083828448467502 1.0838057579204339 9
1.0 1.8 30.0 0.1 1.0395851563177858 1.0395686193231075 8
1.0 1.8 30.0 0.1 1.0758610705443357 1.0758438286299603 10
1.0 1.8 30.0 0.1 1.0319428939789324 1.0319436603624852 12
1.0 1.8 30.0 0.1 1.0499590335300237 1.0499669736159507 14
1.0 1.8 30.0 0.1 1.0198495135589087 1.0198506757738515 16
1.0 1.8 30.0 0.1 1.0364667440943447 1.0364637929125389 18
1.0 1.8 30.0 0.1 1.0278032841499318 1.0278072785960122 20
1.0 1.8 30.0 0.1 0.9792034493100579 0.9792124094255519 30
1.0 1.8 30.0 0.1 0.9589318970720203 0.9589317687102579 35
1.0 1.8 30.0 0.1 0.9378270673822735 0.9378299236517101 50
1.0 1.8 30.0 0.1 0.957867117877891 0.9578706520144421 40
1.0 1.8 30.0 0.2 1.1264222107997721 1.126395871091983 3
1.0 1.8 30.0 0.2 1.0593272794348048 1.0593389905185873 4
1.0 1.8 30.0 0.2 1.1795988288901547 1.179564587388721 5
1.0 1.8 30.0 0.2 1.1636436380812138 1.1635942401987054 6
1.0 1.8 30.0 0.2 1.2828048134821954 1.2827613987409985 7
1.0 1.8 30.0 0.2 1.1472640230726632 1.147254177571729 10
1.0 1.8 30.0 0.2 1.121910945987247 1.1218962435462907 9
1.0 1.8 30.0 0.2 1.14696525568537 1.1469386855594679 8
1.0 1.8 30.0 0.2 1.1643998129494075 1.1643895410972942 12
1.0 1.8 30.0 0.2 1.1083446971001618 1.1083353559080227 14
1.0 1.8 30.0 0.2 1.0961485659422674 1.0961452843504043 16
1.0 1.8 30.0 0.2 1.0819369259956468 1.0819297478286345 18
1.0 1.8 30.0 0.2 1.0628582933728234 1.0628545170605816 20
1.0 1.8 30.0 0.2 0.9768942835508643 0.9768908633645232 30
1.0 1.8 30.0 0.2 0.9577888728725694 0.9577864468384202 35
1.0 1.8 30.0 0.2 0.9259685949481296 0.925966530899201 40
1.0 1.8 30.0 0.2 0.8833162705366658 0.883315035963676 50
1.0 1.8 30.0 0.3 1.0988094245783668 1.0988272366371488 3
1.0 1.8 30.0 0.3 1.598652749607155 1.598589541328111 4
1.0 1.8 30.0 0.3 1.5074017346929325 1.5073786840944188 5
1.0 1.8 30.0 0.3 1.434560076149045 1.4345478676457346 8
1.0 1.8 30.0 0.3 1.4626719951592835 1.4626511755244187 7
1.0 1.8 30.0 0.3 1.421123075907866 1.4211453248858918 9
1.0 1.8 30.0 0.3 1.4955724116214242 1.4955282207052276 6
1.0 1.8 30.0 0.3 1.3776606017073543 1.3776558672308992 10
1.0 1.8 30.0 0.3 1.3210950426617984 1.32108791345024 12
1.0 1.8 30.0 0.3 1.260063975011943 1.2600636280494604 14
1.0 1.8 30.0 0.3 1.2416575748875491 1.2416502228838804 16
1.0 1.8 30.0 0.3 0.988341241297465 0.9883406331873219 30
1.0 1.8 30.0 0.3 1.1508714359260792 1.1508708445855331 20
1.0 1.8 30.0 0.3 1.1753632371953042 1.1753647633415747 18
1.0 1.8 30.0 0.3 0.9365315745827397 0.9365315354077706 35
1.0 1.8 30.0 0.3 0.8943788288368022 0.8943804748923901 40
1.0 1.8 30.0 0.3 0.8432209630453797 0.8432209789214415 50
1.0 1.8 30.0 0.4 1.7843746092610346 1.7844126904301396 3
1.0 1.8 30.0 0.4 1.98306913590538 1.9830661992738123 4
1.0 1.8 30.0 0.4 1.883016991066839 1.883006107476628 6
1.0 1.8 30.0 0.4 1.9511541560732995 1.9511492059846227 5
1.0 1.8 30.0 0.4 1.8329211760837656 1.8329518826021767 7
1.0 1.8 30.0 0.4 1.7990397426006621 1.7990518242095543 8
1.0 1.8 30.0 0.4 1.778904697897998 1.77892167667194 9
1.0 1.8 30.0 0.4 1.6701357854888745 1.6701452766555074 10
1.0 1.8 30.0 0.4 1.5612703383757824 1.5612755667586236 12
1.0 1.8 30.0 0.4 1.448749228386879 1.4487514684126932 14
1.0 1.8 30.0 0.4 1.271955128186626 1.271946344134016 20
1.0 1.8 30.0 0.4 1.327880666463128 1.3278803204083693 18
1.0 1.8 30.0 0.4 1.3836376350509636 1.3836323614501476 16
1.0 1.8 30.0 0.4 1.0332087874949787 1.0332069645284534 30
1.0 1.8 30.0 0.4 0.8840811914432747 0.8840788231962702 40
1.0 1.8 30.0 0.4 0.9540682785651006 0.9540688028286575 35
1.0 1.8 30.0 0.4 0.8110100938263038 0.8110094722789575 50
1.0 1.8 30.0 0.5 1.7843746092610346 1.7844126904301396 3
1.0 1.8 30.0 0.5 1.98306913590538 1.9830661992738123 4
1.0 1.8 30.0 0.5 1.883016991066839 1.883006107476628 6
1.0 1.8 30.0 0.5 1.9511541560732995 1.9511492059846227 5
1.0 1.8 30.0 0.5 1.8329211760837656 1.8329518826021767 7
1.0 1.8 30.0 0.5 1.7990397426006621 1.7990518242095543 8
1.0 1.8 30.0 0.5 1.778904697897998 1.77892167667194 9
1.0 1.8 30.0 0.5 1.6701357854888745 1.6701452766555074 10
1.0 1.8 30.0 0.5 1.5612703383757824 1.5612755667586236 12
1.0 1.8 30.0 0.5 1.448749228386879 1.4487514684126932 14
1.0 1.8 30.0 0.5 1.3836376350509636 1.3836323614501476 16
1.0 1.8 30.0 0.5 1.327880666463128 1.3278803204083693 18
1.0 1.8 30.0 0.5 1.271955128186626 1.271946344134016 20
1.0 1.8 30.0 0.5 1.0332087874949787 1.0332069645284534 30
1.0 1.8 30.0 0.5 0.9540682785651006 0.9540688028286575 35
1.0 1.8 30.0 0.5 0.8840811914432747 0.8840788231962702 40
1.0 1.8 30.0 0.5 0.8110100938263038 0.8110094722789575 50
1.0 1.8 30.0 0.6 226.13698817275008 226.13976901199635 3
1.0 1.8 30.0 0.6 213.0653447067577 213.0658099410931 4
1.0 1.8 30.0 0.6 92.55764603458336 92.55841070993634 6
1.0 1.8 30.0 0.6 127.48967257411714 127.48994817432204 5
1.0 1.8 30.0 0.6 68.37993612482364 68.38028133095818 7
1.0 1.8 30.0 0.6 43.339455588769205 43.33963344612608 9
1.0 1.8 30.0 0.6 53.874035526168306 53.874312247519455 8
1.0 1.8 30.0 0.6 34.94487751683667 34.94499020785438 10
1.0 1.8 30.0 0.6 14.025069077190482 14.025113066860223 16
1.0 1.8 30.0 0.6 24.64826742963044 24.64836815334569 12
1.0 1.8 30.0 0.6 18.220656171153564 18.220709095598185 14
1.0 1.8 30.0 0.6 11.196614726003416 11.196649476752022 18
1.0 1.8 30.0 0.6 9.123050713499527 9.123076841213992 20
1.0 1.8 30.0 0.6 4.229047344824206 4.229058315943909 30
1.0 1.8 30.0 0.6 3.203278400175313 3.2032868423714795 35
1.0 1.8 30.0 0.6 2.548696169913548 2.5487013226428887 40
1.0 1.8 30.0 0.6 1.7460577546986669 1.7460610553792637 50
1.0 1.8 30.0 0.7 260.3584559480196 260.3595909599619 3
1.0 1.8 30.0 0.7 142.6185007104838 142.61926051697247 5
1.0 1.8 30.0 0.7 163.7802713069065 163.78109173496236 4
1.0 1.8 30.0 0.7 101.52068968528346 101.52101153686985 6
1.0 1.8 30.0 0.7 75.22571190609442 75.22584357871898 7
1.0 1.8 30.0 0.7 57.72805910421691 57.728356791914614 8
1.0 1.8 30.0 0.7 45.77882389875011 45.77902016258993 9
1.0 1.8 30.0 0.7 14.639905586360824 14.639970257677346 16
1.0 1.8 30.0 0.7 37.297283152860444 37.29747882072662 10
1.0 1.8 30.0 0.7 19.056046065448452 19.05612913867562 14
1.0 1.8 30.0 0.7 11.593448479843326 11.593499932450806 18
1.0 1.8 30.0 0.7 25.86820513959371 25.86832553740799 12
1.0 1.8 30.0 0.7 9.433514052849354 9.433555169948914 20
1.0 1.8 30.0 0.7 4.3058286757689395 4.305844839797998 30
1.0 1.8 30.0 0.7 3.2316514615130205 3.231663721867727 35
1.0 1.8 30.0 0.7 2.55487475320507 2.554883856188851 40
1.0 1.8 30.0 0.7 1.7132627130935427 1.713268540620096 50
1.0 1.8 30.0 0.8 82.70471088098735 82.70475249810956 3
1.0 1.8 30.0 0.8 113.04713854480295 113.04706908248212 5
1.0 1.8 30.0 0.8 129.3772644366579 129.37757226983803 4
1.0 1.8 30.0 0.8 66.87258469414647 66.87264466014051 7
1.0 1.8 30.0 0.8 88.12211236938336 88.12206099174736 6
1.0 1.8 30.0 0.8 50.90909972290039 50.90913629070806 8
1.0 1.8 30.0 0.8 33.2459713658927 33.245996870673096 10
1.0 1.8 30.0 0.8 40.63497319298446 40.6350051365301 9
1.0 1.8 30.0 0.8 16.942653291992265 16.942663312352455 14
1.0 1.8 30.0 0.8 23.01176964362225 23.011781903097766 12
1.0 1.8 30.0 0.8 13.006998092720115 13.007006720042453 16
1.0 1.8 30.0 0.8 8.367796016082936 8.367802521651676 20
1.0 1.8 30.0 0.8 10.293899059692206 10.293905146721688 18
1.0 1.8 30.0 0.8 3.7984223330942957 3.798424565955204 30
1.0 1.8 30.0 0.8 2.8498012466341165 2.8498029800454403 35
1.0 1.8 30.0 0.8 2.2532771160814544 2.2532785325452727 40
1.0 1.8 30.0 0.9 147.10414051234346 147.10329939379807 4
1.0 1.8 30.0 0.9 329.47741501302744 329.4751830972315 3
1.0 1.8 30.0 0.8 1.4985326644861081 1.4985335846099026 50
1.0 1.8 30.0 0.9 72.51859797735328 72.51840560597489 6
1.0 1.8 30.0 0.9 96.31699399874047 96.31673393715592 5
1.0 1.8 30.0 0.9 54.84277907434619 54.84261008036358 7
1.0 1.8 30.0 0.9 33.78877704271267 33.78869086925199 9
1.0 1.8 30.0 0.9 41.75865821675347 41.758534808259654 8
1.0 1.8 30.0 0.9 27.13222817835721 27.13214950319634 10
1.0 1.8 30.0 0.9 13.944115891953947 13.944083091675681 14
1.0 1.8 30.0 0.9 18.893183274971594 18.89313392897627 12
1.0 1.8 30.0 0.9 10.6785451816362 10.678517982185921 16
1.0 1.8 30.0 0.9 8.456576665434545 8.456556276345186 18
1.0 1.8 30.0 0.9 6.883352061543781 6.883335926115397 20
1.0 1.8 30.0 0.9 3.1172415731238674 3.117235315432776 30
1.0 1.8 30.0 0.9 2.343247805393989 2.3432428211336993 35
1.0 1.8 30.0 0.9 1.8558234269717875 1.855819282684814 40
1.0 1.8 40.0 0.2 1.0078081582749805 1.0077734263889118 3
1.0 1.8 30.0 0.9 1.2286488744973052 1.2286466266798635 50
1.0 1.8 40.0 0.2 1.161248193842392 1.1612072336635562 5
1.0 1.8 40.0 0.2 1.2716028799723362 1.271543289850498 4
1.0 1.8 40.0 0.2 1.19838612870957 1.198367820576023 6
1.0 1.8 40.0 0.2 1.2891550269843033 1.2891639174591794 7
1.0 1.8 40.0 0.2 1.2273952428587307 1.2273611828089463 9
1.0 1.8 40.0 0.2 1.2483770100237495 1.248357593234336 8
1.0 1.8 40.0 0.2 1.2283947725458535 1.2283907816005246 12
1.0 1.8 40.0 0.2 1.2205718092587787 1.2205649410974073 10
1.0 1.8 40.0 0.2 1.1559875645596527 1.1559875753737097 14
1.0 1.8 40.0 0.2 1.1288778975707954 1.1288660663673293 16
1.0 1.8 40.0 0.2 1.096635922085524 1.0966369040722712 18
1.0 1.8 40.0 0.2 1.0950640056380752 1.0950543458179716 20
1.0 1.8 40.0 0.2 0.8973759914510816 0.8973756286940581 50
1.0 1.8 40.0 0.2 0.9249956172840724 0.9249904985716004 40
1.0 1.8 40.0 0.2 0.996035968919221 0.9960355850661398 30
1.0 1.8 40.0 0.2 0.954684433450135 0.9546840663296738 35
1.0 1.8 40.0 0.3 1.5636671627076015 1.5636479961103626 4
1.0 1.8 40.0 0.3 1.1807004056832706 1.1807255482878258 3
1.0 1.8 40.0 0.3 1.4514650445510622 1.4514722512637643 5
1.0 1.8 40.0 0.3 1.3540662801252246 1.354063646617404 6
1.0 1.8 40.0 0.3 1.3854329540872838 1.385464098249237 10
1.0 1.8 40.0 0.3 1.5028964879890168 1.5028847912251129 7
1.0 1.8 40.0 0.3 1.4487775665487281 1.4487897181308593 9
1.0 1.8 40.0 0.3 1.4249928265398746 1.4250208595672933 8
1.0 1.8 40.0 0.3 1.3238549387219087 1.3238624366477902 12
1.0 1.8 40.0 0.3 1.2625797054014485 1.262588378739069 14
1.0 1.8 40.0 0.3 1.2632609854542685 1.2632655192223183 16
1.0 1.8 40.0 0.3 1.1835552227867199 1.1835545015518574 18
1.0 1.8 40.0 0.3 1.155470612657735 1.155474764399412 20
1.0 1.8 40.0 0.3 1.010327953026477 1.0103269018670342 30
1.0 1.8 40.0 0.3 0.9563143100221158 0.9563120997981511 35
1.0 1.8 40.0 0.3 0.9175807203434135 0.91757779631798 40
1.0 1.8 40.0 0.3 0.8591712310621985 0.8591709827663273 50
1.0 1.8 40.0 0.4 1.839258420409071 1.8392415865878595 3
1.0 1.8 40.0 0.4 2.5007503334815477 2.5006058793387256 4
1.0 1.8 40.0 0.4 2.2074350753112495 2.207397742857539 5
1.0 1.8 40.0 0.4 2.276594041796354 2.2765888179284097 6
1.0 1.8 40.0 0.4 2.092954507558915 2.0929254700954205 7
1.0 1.8 40.0 0.4 2.034382060961334 2.0343640944492587 8
1.0 1.8 40.0 0.4 1.9441998092902404 1.9442033032516601 9
1.0 1.8 40.0 0.4 1.9650353860975245 1.9650459469839747 10
1.0 1.8 40.0 0.4 1.7715182872828694 1.7715163606004873 12
1.0 1.8 40.0 0.4 1.6580996057419342 1.6580953293677851 14
1.0 1.8 40.0 0.4 1.5177562249888843 1.5177486625922023 16
1.0 1.8 40.0 0.4 1.4408746255544564 1.4408703032927253 18
1.0 1.8 40.0 0.4 1.079437620974628 1.0794372776612118 30
1.0 1.8 40.0 0.4 1.3475569012512794 1.3475547198960376 20
1.0 1.8 40.0 0.4 0.9874870256638475 0.9874860268401133 35
1.0 1.8 40.0 0.4 0.9280314590837216 0.9280268995706332 40
1.0 1.8 40.0 0.4 0.8255677149490661 0.8255652828884805 50
1.0 1.8 40.0 0.5 1.839258420409071 1.8392415865878595 3
1.0 1.8 40.0 0.5 2.5007503334815477 2.5006058793387256 4
1.0 1.8 40.0 0.5 2.2074350753112495 2.207397742857539 5
1.0 1.8 40.0 0.5 2.276594041796354 2.2765888179284097 6
1.0 1.8 40.0 0.5 2.092954507558915 2.0929254700954205 7
1.0 1.8 40.0 0.5 2.034382060961334 2.0343640944492587 8
1.0 1.8 40.0 0.5 1.9441998092902404 1.9442033032516601 9
1.0 1.8 40.0 0.5 1.9650353860975245 1.9650459469839747 10
1.0 1.8 40.0 0.5 1.7715182872828694 1.7715163606004873 12
1.0 1.8 40.0 0.5 1.6580996057419342 1.6580953293677851 14
1.0 1.8 40.0 0.5 1.5177562249888843 1.5177486625922023 16
1.0 1.8 40.0 0.5 1.4408746255544564 1.4408703032927253 18
1.0 1.8 40.0 0.5 1.3475569012512794 1.3475547198960376 20
1.0 1.8 40.0 0.5 1.079437620974628 1.0794372776612118 30
1.0 1.8 40.0 0.5 0.9874870256638475 0.9874860268401133 35
1.0 1.8 40.0 0.5 0.9280314590837216 0.9280268995706332 40
1.0 1.8 40.0 0.5 0.8255677149490661 0.8255652828884805 50
1.0 1.8 40.0 0.6 176.8591449662627 176.8585934894493 3
1.0 1.8 40.0 0.6 265.6847211352081 265.6856757059921 4
1.0 1.8 40.0 0.6 186.9237827821593 186.92402038974393 5
1.0 1.8 40.0 0.6 141.27833763250635 141.27864124350262 6
1.0 1.8 40.0 0.6 100.21991993915807 100.220116043053 7
1.0 1.8 40.0 0.6 77.53113687853102 77.53125618375473 8
1.0 1.8 40.0 0.6 61.77100789075779 61.7710699988442 9
1.0 1.8 40.0 0.6 50.15798053042631 50.15808118628197 10
1.0 1.8 40.0 0.6 25.48609020927679 25.486116385602294 14
1.0 1.8 40.0 0.6 34.82146822937464 34.82151500850966 12
1.0 1.8 40.0 0.6 19.573013275208314 19.573045276705184 16
1.0 1.8 40.0 0.6 15.442310160381194 15.442330350475832 18
1.0 1.8 40.0 0.6 12.52609606398763 12.526108866088448 20
1.0 1.8 40.0 0.6 5.672754110383681 5.672758275196198 30
1.0 1.8 40.0 0.6 4.235488970955796 4.235493743643756 35
1.0 1.8 40.0 0.6 3.328151642283982 3.3281532008447026 40
1.0 1.8 40.0 0.6 2.2131075785877115 2.2131090479882807 50
1.0 1.8 40.0 0.7 121.53120460697079 121.53203899088423 3
1.0 1.8 40.0 0.7 213.07787117662255 213.0778608777478 4
1.0 1.8 40.0 0.7 180.60958571791434 180.60950384792758 5
1.0 1.8 40.0 0.7 130.9062187755491 130.90655461613977 6
1.0 1.8 40.0 0.7 94.75755348825722 94.75772393688146 7
1.0 1.8 40.0 0.7 71.63073945674886 71.63080691445668 8
1.0 1.8 40.0 0.7 56.72200502746402 56.72204021614917 9
1.0 1.8 40.0 0.7 46.23967205843861 46.23971762203778 10
1.0 1.8 40.0 0.7 32.33287929507477 32.33291622088152 12
1.0 1.8 40.0 0.7 23.63892282451746 23.638952567541434 14
1.0 1.8 40.0 0.7 14.360669741595004 14.360691203652 18
1.0 1.8 40.0 0.7 18.142757497263737 18.142783534157033 16
1.0 1.8 40.0 0.7 11.668860897843956 11.668877538121446 20
1.0 1.8 40.0 0.7 5.256815013157458 5.2568225666352575 30
1.0 1.8 40.0 0.7 3.913943262296031 3.9139490112495263 35
1.0 1.8 40.0 0.7 3.0696340989579585 3.0696385744887955 40
1.0 1.8 40.0 0.7 2.023020023430371 2.0230221508763417 50
1.0 1.8 40.0 0.8 307.55921564405674 307.55890114142346 3
1.0 1.8 40.0 0.8 194.73701074701225 194.73686452912477 4
1.0 1.8 40.0 0.8 132.04910255386238 132.04924334780543 5
1.0 1.8 40.0 0.8 103.2675022572893 103.26746942914862 6
1.0 1.8 40.0 0.8 78.83328066324948 78.83341728774194 7
1.0 1.8 40.0 0.8 60.82533584354298 60.825443089076025 8
1.0 1.8 40.0 0.8 48.36954897189154 48.369600243370044 9
1.0 1.8 40.0 0.8 39.174984552681146 39.17503565796348 10
1.0 1.8 40.0 0.8 27.43705604012735 27.437088737906336 12
1.0 1.8 40.0 0.8 15.532348645857931 15.532363272882563 16
1.0 1.8 40.0 0.8 20.280826886684938 20.280855562239932 14
1.0 1.8 40.0 0.8 12.30141040386745 12.301421312755108 18
1.0 1.8 40.0 0.8 9.971672418866396 9.971678926711233 20
1.0 1.8 40.0 0.8 4.499581262819764 4.499584152340932 30
1.0 1.8 40.0 0.8 2.6305569010474787 2.630558184909301 40
1.0 1.8 40.0 0.8 3.355214802136486 3.355216485127016 35
1.0 1.8 40.0 0.8 1.730972532946733 1.7309733715826332 50
1.0 1.8 40.0 0.9 163.73248085157616 163.73370495125837 4
1.0 1.8 40.0 0.9 150.7203905630146 150.71810602943805 3
1.0 1.8 40.0 0.9 138.6511789671428 138.6513492376178 5
1.0 1.8 40.0 0.9 93.17727887082187 93.17737282887066 6
1.0 1.8 40.0 0.9 65.82830400997784 65.82835478267572 7
1.0 1.8 40.0 0.9 53.29035184309309 53.29040477296238 8
1.0 1.8 40.0 0.9 42.48390246382561 42.48394676085302 9
1.0 1.8 40.0 0.9 33.79696787894567 33.79697974817296 10
1.0 1.8 40.0 0.9 23.552551634426703 23.552577604987526 12
1.0 1.8 40.0 0.9 17.28936803209486 17.289369974096754 14
1.0 1.8 40.0 0.9 13.189826282658828 13.189829439709136 16
1.0 1.8 40.0 0.9 10.436604754990153 10.436605562671367 18
1.0 1.8 40.0 0.9 8.464049966905701 8.464052250690614 20
1.0 1.8 40.0 0.9 3.7835786950560446 3.7835794672926384 30
1.0 1.8 40.0 0.9 2.829033905616366 2.8290345249061706 35
1.0 1.8 40.0 0.9 2.2278952203640885 2.227895331967372 40
1.0 1.8 50.0 0.2 1.3118600386234491 1.3119393220700426 3
1.0 1.8 40.0 0.9 1.4476843430449953 1.4476844933942643 50
1.0 1.8 50.0 0.2 1.0445404627712862 1.044523706596479 4
1.0 1.8 50.0 0.2 1.2912553662975674 1.2912359581335928 5
1.0 1.8 50.0 0.2 1.1403464995762536 1.1403373642331585 6
1.0 1.8 50.0 0.2 1.2406737183019882 1.2406725227636313 7
1.0 1.8 50.0 0.2 1.1983436885875958 1.1983309864531728 8
1.0 1.8 50.0 0.2 1.1438434760409575 1.143841857904678 9
1.0 1.8 50.0 0.2 1.1744043064511176 1.1743826850217594 10
1.0 1.8 50.0 0.2 1.1410389705526913 1.1410376417461972 12
1.0 1.8 50.0 0.2 1.148623002762306 1.1486316527466303 14
1.0 1.8 50.0 0.2 1.102958383310718 1.1029582721044182 16
1.0 1.8 50.0 0.2 1.0662660260609012 1.0662588840966838 18
1.0 1.8 50.0 0.2 1.0771419478914028 1.0771407481020037 20
1.0 1.8 50.0 0.2 0.9876331052178992 0.9876370512606484 30
1.0 1.8 50.0 0.2 0.9432514197513979 0.9432485536446953 35
1.0 1.8 50.0 0.2 0.9214431737759169 0.9214436557969382 40
1.0 1.8 50.0 0.2 0.8868964614471428 0.8868984670004708 50
1.0 1.8 50.0 0.3 1.3319595458165856 1.3319819614284412 3
1.0 1.8 50.0 0.3 1.546162347725687 1.5462147929000267 4
1.0 1.8 50.0 0.3 1.586810250615889 1.586798096543061 5
1.0 1.8 50.0 0.3 1.609342989979069 1.6093744784268835 6
1.0 1.8 50.0 0.3 1.5434302085069862 1.5434280662372768 7
1.0 1.8 50.0 0.3 1.57840417364271 1.5784110201752497 8
1.0 1.8 50.0 0.3 1.4733460138551875 1.4733622235610226 9
1.0 1.8 50.0 0.3 1.4256820400521664 1.4256830108413816 10
1.0 1.8 50.0 0.3 1.3792604188305513 1.3792642840462748 12
1.0 1.8 50.0 0.3 1.2841685643585248 1.2841717104615997 14
1.0 1.8 50.0 0.3 1.2581559758213399 1.258160743818859 16
1.0 1.8 50.0 0.3 1.2211701868763356 1.221170169152662 18
1.0 1.8 50.0 0.3 1.1489074496081366 1.1489067372878436 20
1.0 1.8 50.0 0.3 1.0133819814419145 1.0133799641997872 30
1.0 1.8 50.0 0.3 0.9492809142890544 0.9492795194271847 35
1.0 1.8 50.0 0.3 0.9076637961896664 0.9076640344966913 40
1.0 1.8 50.0 0.4 2.2117858730688007 2.2117889618680517 3
1.0 1.8 50.0 0.4 2.3182496017190917 2.318394871836685 4
1.0 1.8 50.0 0.4 2.4922213654551517 2.492266481950817 5
1.0 1.8 50.0 0.4 2.2452078470601315 2.2452256114739346 6
1.0 1.8 50.0 0.4 2.1880047978955948 2.1880301776199236 7
1.0 1.8 50.0 0.4 1.9110171497495048 1.911033626459525 10
1.0 1.8 50.0 0.4 2.1619204700886687 2.1619483698806707 8
1.0 1.8 50.0 0.4 2.0502081422974325 2.0502370297727994 9
1.0 1.8 50.0 0.4 1.7923099021988047 1.7923298212063334 12
1.0 1.8 50.0 0.4 1.645493188722342 1.6455093174233835 14
1.0 1.8 50.0 0.4 1.5754620058538031 1.5754720340897945 16
1.0 1.8 50.0 0.4 1.449137313360509 1.4491533325899064 18
1.0 1.8 50.0 0.4 1.3662164088552755 1.366226103409066 20
