6.0 1.8 10.0 0.1 1.07337082182401 1.0733563841986773 10
6.0 1.8 10.0 0.2 1.1665586842162594 1.166568464444181 10
6.0 1.8 10.0 0.5 1.365069147945423 1.3650728331995408 10
6.0 1.8 10.0 0.6 1.2012449089735495 1.2012472512031005 10
6.0 1.8 10.0 0.7 1.1672480058883687 1.167238025655091 10
6.0 1.8 10.0 0.3 1.1902041406268047 1.1901947390284615 10
6.0 1.8 10.0 0.4 1.365069147945423 1.3650728331995408 10
6.0 1.8 10.0 0.8 0.8687747244715631 0.8687811384441951 10
6.0 1.8 20.0 0.5 1.689818041515655 1.689829721366423 10
6.0 1.8 20.0 0.2 1.4823147264819254 1.4823117457735273 10
6.0 1.8 20.0 0.6 1.9972260742616017 1.9972303784917091 10
6.0 1.8 20.0 0.1 1.1841058602950132 1.184110700949161 10
6.0 1.8 20.0 0.4 1.689818041515655 1.689829721366423 10
6.0 1.8 20.0 0.3 1.5375244943737987 1.5375195041178238 10
6.0 1.8 20.0 0.7 1.753505814408505 1.753534880152725 10
6.0 1.8 10.0 0.9 0.6401163119337929 0.6401146460856729 10
6.0 1.8 30.0 0.1 1.2393001942456359 1.2392564638324246 10
6.0 1.8 40.0 0.6 3.3187786790899807 3.318735068051563 10
6.0 1.8 50.0 0.3 2.4708762279849954 2.4709014759312584 10
6.0 1.8 50.0 0.4 2.9410320687167677 2.94105560026216 10
6.0 1.8 20.0 0.9 1.1496108405724719 1.1496041047647965 10
6.0 1.8 20.0 0.8 1.4057564000974208 1.4057413984951541 10
6.0 1.8 50.0 0.2 1.71940806048364 1.7194074023801909 10
6.0 1.8 30.0 0.6 2.8903256707445046 2.890323652912914 10
6.0 1.8 50.0 0.5 2.9410320687167677 2.94105560026216 10
6.0 1.8 50.0 0.7 5.227380530966514 5.227364372438554 10
6.0 1.8 50.0 0.8 4.849008482174306 4.849025416746258 10
6.0 1.8 60.0 0.4 3.3051391392874687 3.3051219007430137 10
6.0 1.8 50.0 0.6 4.413954506519572 4.4139360283356215 10
6.0 1.8 60.0 0.3 2.356166510646263 2.356177459859176 10
6.0 1.8 60.0 0.2 1.8567617883242102 1.8567791552753794 10
6.0 1.8 50.0 0.9 4.184843897973302 4.184856336919745 10
6.0 1.8 60.0 0.5 3.3051391392874687 3.3051219007430137 10
6.0 1.8 60.0 0.7 8.975605534899472 8.97563404966021 10
6.0 1.8 60.0 0.6 4.563085215748382 4.563116751444728 10
6.0 1.8 70.0 0.6 6.674030420920221 6.673925187097633 10
6.0 1.8 60.0 0.8 8.742564321812543 8.74253958608974 10
6.0 1.8 60.0 0.9 9.300751396577782 9.300732755231014 10
