1.0 1.8 10.0 0.6 2.546556769939153 2.5465591633158393 8
1.0 1.8 10.0 0.6 2.3751847959674404 2.375201265945655 9
1.0 1.8 10.0 0.6 2.6040795824947014 2.6041021111122635 6
1.0 1.8 10.0 0.6 3.2661418164330374 3.266232872402107 5
1.0 1.8 10.0 0.6 3.3468197281940757 3.346934940679525 3
1.0 1.8 10.0 0.6 2.5364317704591643 2.5364434507889584 4
1.0 1.8 10.0 0.6 2.145795139967759 2.145802450074898 10
1.0 1.8 10.0 0.6 2.551960568943986 2.5519894259644453 7
1.0 1.8 10.0 0.6 0.9243425512095272 0.924343641577665 30
1.0 1.8 10.0 0.6 1.9358114160372355 1.935816365956073 12
1.0 1.8 10.0 0.6 0.8123720095132753 0.8123721870923943 35
1.0 1.8 10.0 0.6 1.5374635405225154 1.537472643566363 16
1.0 1.8 10.0 0.6 1.4082344534566238 1.4082406160868008 18
1.0 1.8 10.0 0.6 1.2898258221992782 1.2898317810014543 20
1.0 1.8 10.0 0.6 1.7105228544143458 1.7105271631249048 14
1.0 1.8 10.0 0.6 0.7326240030228061 0.7326248539410177 40
1.0 1.8 10.0 0.6 0.6412914749888655 0.6412926430323326 50
1.0 1.8 20.0 0.6 7.311659316271774 7.311379801095652 4
1.0 1.8 20.0 0.6 6.928401570828529 6.928410889007804 3
1.0 1.8 20.0 0.6 7.4710809750066 7.470989430595475 5
1.0 1.8 20.0 0.6 5.319499180059205 5.319492892105956 7
1.0 1.8 20.0 0.6 6.396104048866105 6.396080744042647 6
1.0 1.8 20.0 0.6 4.933980271834765 4.933970306102152 8
1.0 1.8 20.0 0.6 4.376866646869225 4.376830628553995 9
1.0 1.8 20.0 0.6 3.3389788428114007 3.338965800794908 12
1.0 1.8 20.0 0.6 3.9901647125358988 3.990145316282886 10
1.0 1.8 20.0 0.6 2.4897557672428126 2.489750549846864 16
1.0 1.8 20.0 0.6 2.8515589126600673 2.8515480759284317 14
1.0 1.8 20.0 0.6 2.1940440048570493 2.1940409226744615 18
1.0 1.8 20.0 0.6 1.9473462410941988 1.9473468248303225 20
1.0 1.8 20.0 0.6 1.2478392140368462 1.2478393283157998 30
1.0 1.8 20.0 0.6 1.0628195726957592 1.0628190054682911 35
1.0 1.8 30.0 0.6 127.48967257411714 127.48994817432204 5
1.0 1.8 20.0 0.6 0.9337739335099678 0.9337731791765489 40
1.0 1.8 30.0 0.6 226.13698817275008 226.13976901199635 3
1.0 1.8 20.0 0.6 0.7689288153072596 0.7689294525162458 50
1.0 1.8 30.0 0.6 213.0653447067577 213.0658099410931 4
1.0 1.8 30.0 0.6 92.55764603458336 92.55841070993634 6
1.0 1.8 30.0 0.6 68.37993612482364 68.38028133095818 7
1.0 1.8 30.0 0.6 53.874035526168306 53.874312247519455 8
1.0 1.8 30.0 0.6 43.339455588769205 43.33963344612608 9
1.0 1.8 30.0 0.6 34.94487751683667 34.94499020785438 10
1.0 1.8 30.0 0.6 14.025069077190482 14.025113066860223 16
1.0 1.8 30.0 0.6 18.220656171153564 18.220709095598185 14
1.0 1.8 30.0 0.6 24.64826742963044 24.64836815334569 12
1.0 1.8 30.0 0.6 11.196614726003416 11.196649476752022 18
1.0 1.8 30.0 0.6 9.123050713499527 9.123076841213992 20
1.0 1.8 30.0 0.6 4.229047344824206 4.229058315943909 30
1.0 1.8 30.0 0.6 3.203278400175313 3.2032868423714795 35
1.0 1.8 30.0 0.6 2.548696169913548 2.5487013226428887 40
1.0 1.8 30.0 0.6 1.7460577546986669 1.7460610553792637 50
1.0 1.8 40.0 0.6 176.8591449662627 176.8585934894493 3
1.0 1.8 40.0 0.6 265.6847211352081 265.6856757059921 4
1.0 1.8 40.0 0.6 186.9237827821593 186.92402038974393 5
1.0 1.8 40.0 0.6 141.27833763250635 141.27864124350262 6
1.0 1.8 40.0 0.6 100.21991993915807 100.220116043053 7
1.0 1.8 40.0 0.6 61.77100789075779 61.7710699988442 9
1.0 1.8 40.0 0.6 77.53113687853102 77.53125618375473 8
1.0 1.8 40.0 0.6 50.15798053042631 50.15808118628197 10
1.0 1.8 40.0 0.6 34.82146822937464 34.82151500850966 12
1.0 1.8 40.0 0.6 25.48609020927679 25.486116385602294 14
1.0 1.8 40.0 0.6 19.573013275208314 19.573045276705184 16
1.0 1.8 40.0 0.6 15.442310160381194 15.442330350475832 18
1.0 1.8 40.0 0.6 12.52609606398763 12.526108866088448 20
1.0 1.8 40.0 0.6 3.328151642283982 3.3281532008447026 40
1.0 1.8 40.0 0.6 4.235488970955796 4.235493743643756 35
1.0 1.8 40.0 0.6 5.672754110383681 5.672758275196198 30
1.0 1.8 40.0 0.6 2.2131075785877115 2.2131090479882807 50
1.0 1.8 50.0 0.6 277.48436964594964 277.48784970312346 3
1.0 1.8 50.0 0.6 351.148832437583 351.1484936320669 4
1.0 1.8 50.0 0.6 216.7749834458552 216.77471571711754 5
1.0 1.8 50.0 0.6 155.22918900897398 155.22960791107505 6
1.0 1.8 50.0 0.6 89.13511036065022 89.13523891065543 8
1.0 1.8 50.0 0.6 69.86062090198095 69.86062239674067 9
1.0 1.8 50.0 0.6 115.4999323428115 115.5000339592697 7
1.0 1.8 50.0 0.6 56.9997425196646 56.999796757379855 10
1.0 1.8 50.0 0.6 39.36343116609985 39.36344640157727 12
1.0 1.8 50.0 0.6 28.98586499204782 28.98588964696418 14
1.0 1.8 50.0 0.6 22.2067393762779 22.206754905242814 16
1.0 1.8 50.0 0.6 17.547064594868203 17.54707408645615 18
1.0 1.8 50.0 0.6 14.208495013868369 14.208504824279903 20
1.0 1.8 50.0 0.6 6.393874204125589 6.393877025817362 30
1.0 1.8 50.0 0.6 4.757717907855401 4.757720487355759 35
1.0 1.8 50.0 0.6 3.7125960870748855 3.7125975974372625 40
1.0 1.8 50.0 0.6 2.4447905841163466 2.4447917176074236 50
1.0 1.8 60.0 0.6 187.98727114453203 187.98813340104724 3
1.0 1.8 60.0 0.6 265.9747995312019 265.97567163246333 4
1.0 1.8 60.0 0.6 246.3354659992777 246.335413456984 5
1.0 1.8 60.0 0.6 126.33043112753343 126.33051207773619 7
1.0 1.8 60.0 0.6 171.93872998527547 171.93871910193488 6
1.0 1.8 60.0 0.6 95.38952446596372 95.38957189601642 8
1.0 1.8 60.0 0.6 76.66194128936962 76.66194755933377 9
1.0 1.8 60.0 0.6 61.73223745895986 61.73225953546089 10
1.0 1.8 60.0 0.6 42.89789983011559 42.89791618460283 12
1.0 1.8 60.0 0.6 31.435437815737703 31.435444229384032 14
1.0 1.8 60.0 0.6 24.109447145486893 24.109449570042162 16
1.0 1.8 60.0 0.6 15.404560808189185 15.404561243922279 20
1.0 1.8 60.0 0.6 19.056336754532712 19.056343238798533 18
1.0 1.8 60.0 0.6 6.898706156712936 6.898707439618855 30
1.0 1.8 60.0 0.6 5.130371011559009 5.130373045308426 35
1.0 1.8 60.0 0.6 3.993304379863091 3.9933053769789706 40
1.0 1.8 60.0 0.6 2.612321066488388 2.612321591043243 50
2.0 1.8 10.0 0.6 0.916670377181226 0.9166478946551049 3
2.0 1.8 10.0 0.6 2.261180566996309 2.261207494256407 6
2.0 1.8 10.0 0.6 1.341431160307587 1.3413709785743486 4
2.0 1.8 10.0 0.6 1.8596726992212371 1.8596940225980174 5
2.0 1.8 10.0 0.6 1.8853818342112412 1.8853965551965528 7
2.0 1.8 10.0 0.6 1.916933240634078 1.9169523725935396 8
2.0 1.8 10.0 0.6 1.7781097219563018 1.7781232975303385 9
2.0 1.8 10.0 0.6 1.7478730093707808 1.7478923320580302 10
2.0 1.8 10.0 0.6 1.5763182866386847 1.5763328487974042 12
2.0 1.8 10.0 0.6 1.4419949222771906 1.4420034911662225 14
2.0 1.8 10.0 0.6 1.288617061539626 1.2886241674672632 16
2.0 1.8 10.0 0.6 1.1872122428553709 1.1872181115267202 18
2.0 1.8 10.0 0.6 1.0803830785389796 1.0803879976000592 20
2.0 1.8 10.0 0.6 0.7893794029126797 0.7893818360667222 30
2.0 1.8 10.0 0.6 0.716937574287647 0.716940554213977 35
2.0 1.8 10.0 0.6 0.6537755047707163 0.6537774500057206 40
2.0 1.8 10.0 0.6 0.5882049695858316 0.5882051960604193 50
2.0 1.8 20.0 0.6 4.652741438792285 4.652615838341265 3
2.0 1.8 20.0 0.6 5.511427035176138 5.511478041768903 4
2.0 1.8 20.0 0.6 4.7839487485239305 4.783929164892702 5
2.0 1.8 20.0 0.6 4.308837157609577 4.308899672150798 6
2.0 1.8 20.0 0.6 4.034583008533552 4.03457268166835 7
2.0 1.8 20.0 0.6 3.7076693281216246 3.707689064723194 8
2.0 1.8 20.0 0.6 3.417926801384612 3.4179461040094385 9
2.0 1.8 20.0 0.6 3.21670852974966 3.216702779258424 10
2.0 1.8 20.0 0.6 2.678927466417547 2.678921216328772 12
2.0 1.8 20.0 0.6 2.345233150946144 2.3452283651521024 14
2.0 1.8 20.0 0.6 2.020589522537889 2.020595537995862 16
2.0 1.8 20.0 0.6 1.799731909821649 1.7997320370206795 18
2.0 1.8 20.0 0.6 1.5979314267015126 1.5979323819671243 20
2.0 1.8 20.0 0.6 1.048981628160978 1.0489824973453805 30
2.0 1.8 20.0 0.6 0.9068629827808423 0.9068638257281798 35
2.0 1.8 20.0 0.6 0.8028779821925156 0.8028785866329348 40
2.0 1.8 20.0 0.6 0.6840103988176529 0.684011164811285 50
2.0 1.8 30.0 0.6 171.99701902728833 171.99570600181153 3
2.0 1.8 30.0 0.6 179.71269365710748 179.7124989420052 4
2.0 1.8 30.0 0.6 109.47504925840344 109.47482786801406 5
2.0 1.8 30.0 0.6 84.82489467615639 84.82466969497571 6
2.0 1.8 30.0 0.6 63.374778694129425 63.37477626277054 7
2.0 1.8 30.0 0.6 48.66630503595028 48.66623798050939 8
2.0 1.8 30.0 0.6 39.00460321516719 39.00450614474589 9
2.0 1.8 30.0 0.6 22.051960265458735 22.051929739212145 12
2.0 1.8 30.0 0.6 31.402027978996117 31.401979588665117 10
2.0 1.8 30.0 0.6 16.289348682242576 16.289319213965886 14
2.0 1.8 30.0 0.6 12.498599479207668 12.4985821916535 16
2.0 1.8 30.0 0.6 9.953837001281375 9.953820252447597 18
2.0 1.8 30.0 0.6 8.099885256401269 8.099874359482047 20
2.0 1.8 30.0 0.6 3.7691999117282715 3.76919467969104 30
2.0 1.8 30.0 0.6 2.859432332426172 2.859427756986654 35
2.0 1.8 30.0 0.6 2.281554945328295 2.281552246701138 40
2.0 1.8 30.0 0.6 1.5730139099076994 1.5730119279491077 50
2.0 1.8 40.0 0.6 637.2121048293362 637.2088530766988 3
2.0 1.8 40.0 0.6 230.06432632094013 230.06447659725234 4
2.0 1.8 40.0 0.6 174.64048354719355 174.64022094082887 5
2.0 1.8 40.0 0.6 120.30407564679021 120.30407639414038 6
2.0 1.8 40.0 0.6 91.19933032647836 91.19913272661175 7
2.0 1.8 40.0 0.6 69.3178690668584 69.3177680343516 8
2.0 1.8 40.0 0.6 54.87640490493213 54.87628332612357 9
2.0 1.8 40.0 0.6 44.44891836745544 44.44884188617621 10
2.0 1.8 40.0 0.6 30.81103721455636 30.810960833530068 12
2.0 1.8 40.0 0.6 22.66671606058782 22.66666907865143 14
2.0 1.8 40.0 0.6 17.381625893528316 17.38159377373363 16
2.0 1.8 40.0 0.6 13.726004612830359 13.725977073969569 18
2.0 1.8 40.0 0.6 11.150900691011636 11.15088060858361 20
2.0 1.8 40.0 0.6 5.066876651032238 5.066867440593078 30
2.0 1.8 40.0 0.6 3.794327674038704 3.794321761280821 35
2.0 1.8 40.0 0.6 2.9829699021228593 2.98296554659304 40
2.0 1.8 40.0 0.6 1.9939775777608977 1.9939748296361521 50
2.0 1.8 50.0 0.6 248.01193102153067 248.0101637441139 4
2.0 1.8 50.0 0.6 450.9917004329806 450.99310290143563 3
2.0 1.8 50.0 0.6 199.33421675658155 199.3331704812959 5
2.0 1.8 50.0 0.6 142.75804302021353 142.75721691390802 6
2.0 1.8 50.0 0.6 108.39340508514253 108.39295435126425 7
2.0 1.8 50.0 0.6 82.66955257409177 82.66907987559541 8
2.0 1.8 50.0 0.6 66.26742045138809 66.26715166188684 9
2.0 1.8 50.0 0.6 53.240834700422404 53.240609923686094 10
2.0 1.8 50.0 0.6 27.271098368927767 27.27100652530126 14
2.0 1.8 50.0 0.6 36.99091408529375 36.99075864437526 12
2.0 1.8 50.0 0.6 20.886439499769747 20.88636837266733 16
2.0 1.8 50.0 0.6 16.502318120378757 16.502262572135727 18
2.0 1.8 50.0 0.6 13.394592536611448 13.394547122922962 20
2.0 1.8 50.0 0.6 6.02438736974164 6.024370398881188 30
2.0 1.8 50.0 0.6 3.511984449372709 3.5119752738036065 40
2.0 1.8 50.0 0.6 4.500685459845319 4.500672983410743 35
2.0 1.8 50.0 0.6 2.316537188051213 2.3165314236381382 50
2.0 1.8 60.0 0.6 585.5410574225152 585.5432225531384 3
2.0 1.8 60.0 0.6 280.97720035271084 280.97681579294664 4
2.0 1.8 60.0 0.6 255.65815789108146 255.65806602029264 5
2.0 1.8 60.0 0.6 188.5954813916232 188.59546679293456 6
2.0 1.8 60.0 0.6 140.47064490107533 140.4709438347123 7
2.0 1.8 60.0 0.6 107.0040790246777 107.0041731459259 8
2.0 1.8 60.0 0.6 84.5754632705646 84.5755343781372 9
2.0 1.8 60.0 0.6 67.3544104686474 67.3544092811587 10
2.0 1.8 60.0 0.6 46.51402656637281 46.51404032484159 12
2.0 1.8 60.0 0.6 34.12772136938559 34.12773407739897 14
2.0 1.8 60.0 0.6 26.15472608835674 26.154736384333297 16
2.0 1.8 60.0 0.6 20.608133450475428 20.608139296574347 18
2.0 1.8 60.0 0.6 7.413882226014806 7.4138854917330175 30
2.0 1.8 60.0 0.6 16.658127588608142 16.658133561107533 20
2.0 1.8 60.0 0.6 5.5050901554403495 5.5050918811508485 35
2.0 1.8 60.0 0.6 2.7721165269470793 2.7721171280966725 50
2.0 1.8 60.0 0.6 4.264377238997161 4.264378874804937 40
3.0 1.8 10.0 0.6 2.8997401920842076 2.899686679657275 3
3.0 1.8 10.0 0.6 2.86441752119056 2.8644323934319758 4
3.0 1.8 10.0 0.6 2.707116944730152 2.707132555465421 5
3.0 1.8 10.0 0.6 2.4425399284916 2.442535552501341 6
3.0 1.8 10.0 0.6 2.324300908177456 2.32430145577331 7
3.0 1.8 10.0 0.6 1.9863978291047932 1.9863840267421193 8
3.0 1.8 10.0 0.6 1.8557650725324928 1.8557489567867809 9
3.0 1.8 10.0 0.6 1.6997491549584485 1.69974231389256 10
3.0 1.8 10.0 0.6 1.5180842552101323 1.5180748407723699 12
3.0 1.8 10.0 0.6 1.352598978894808 1.3525939147854769 14
3.0 1.8 10.0 0.6 1.2068314417298567 1.2068231613943943 16
3.0 1.8 10.0 0.6 1.097341686246069 1.0973360944803325 18
3.0 1.8 10.0 0.6 1.0077531713855545 1.007749682515735 20
3.0 1.8 10.0 0.6 0.7222582813963426 0.7222578461115894 30
3.0 1.8 10.0 0.6 0.6505170244004809 0.6505160582405207 35
3.0 1.8 10.0 0.6 0.5975571436767735 0.5975570273677779 40
3.0 1.8 20.0 0.6 3.7739015874191937 3.773981497634503 3
3.0 1.8 10.0 0.6 0.5407156984573288 0.5407152288880255 50
3.0 1.8 20.0 0.6 3.4258741301918363 3.4259349285197533 4
3.0 1.8 20.0 0.6 3.7493059671772837 3.7493548385865 5
3.0 1.8 20.0 0.6 3.3529805323503803 3.3530477963405776 6
3.0 1.8 20.0 0.6 3.17902072103778 3.179041557921206 7
3.0 1.8 20.0 0.6 2.947078907507212 2.9470999979240453 8
3.0 1.8 20.0 0.6 2.7069539020968008 2.706964655810123 9
3.0 1.8 20.0 0.6 2.5066367143256025 2.5066352548651225 10
3.0 1.8 20.0 0.6 2.136327279279202 2.1363297411710813 12
3.0 1.8 20.0 0.6 1.8777930650190497 1.8778001805680027 14
3.0 1.8 20.0 0.6 1.6235706126783611 1.6235716997094496 16
3.0 1.8 20.0 0.6 1.4613552679573059 1.4613566307115173 18
3.0 1.8 20.0 0.6 1.3008442526971329 1.3008442213464726 20
3.0 1.8 20.0 0.6 0.8718196173839974 0.8718190999735274 30
3.0 1.8 20.0 0.6 0.7642705042473701 0.7642706417505513 35
3.0 1.8 20.0 0.6 0.6834164072445083 0.6834172631751096 40
3.0 1.8 20.0 0.6 0.5956991342887884 0.5956990095446083 50
3.0 1.8 30.0 0.6 7.734046937660342 7.7338897306787695 3
3.0 1.8 30.0 0.6 6.2842017088634305 6.28412686821017 4
3.0 1.8 30.0 0.6 7.7035584127513355 7.703449566244467 5
3.0 1.8 30.0 0.6 6.181074157428247 6.181044233537521 6
3.0 1.8 30.0 0.6 5.605327515006323 5.605318453879265 7
3.0 1.8 30.0 0.6 4.992666155956979 4.992674907952766 8
3.0 1.8 30.0 0.6 4.476362869652598 4.476367825772812 9
3.0 1.8 30.0 0.6 3.9070756486561056 3.9070888392266583 10
3.0 1.8 30.0 0.6 3.2253197214210196 3.225325010762619 12
3.0 1.8 30.0 0.6 2.6686204753029146 2.6686211081159046 14
3.0 1.8 30.0 0.6 2.2932226060630385 2.293226082035449 16
3.0 1.8 30.0 0.6 1.9752539698425826 1.9752582277939283 18
3.0 1.8 30.0 0.6 1.7493092622699125 1.7493149803267232 20
3.0 1.8 30.0 0.6 1.0603426278245693 1.060345176359072 30
3.0 1.8 30.0 0.6 0.9028856679119159 0.9028885733976695 35
3.0 1.8 30.0 0.6 0.79235133740213 0.7923528568385885 40
3.0 1.8 30.0 0.6 0.6623897362959679 0.6623908381997148 50
3.0 1.8 40.0 0.6 186.07429391089315 186.07508112497595 3
3.0 1.8 40.0 0.6 227.19955214519055 227.1999346456477 4
3.0 1.8 40.0 0.6 123.10420139805413 123.10418101546202 5
3.0 1.8 40.0 0.6 89.10630786828007 89.10602765176316 6
3.0 1.8 40.0 0.6 68.09970905388099 68.09967691599111 7
3.0 1.8 40.0 0.6 52.642185905634385 52.64216468964234 8
3.0 1.8 40.0 0.6 41.69504864999097 41.69500734958993 9
3.0 1.8 40.0 0.6 34.109522157281674 34.109473763994835 10
3.0 1.8 40.0 0.6 23.636582090093174 23.636554241342694 12
3.0 1.8 40.0 0.6 17.39979416549409 17.399763380974072 14
3.0 1.8 40.0 0.6 13.33688851018813 13.336867185229833 16
3.0 1.8 40.0 0.6 10.596012016306945 10.595990321243644 18
3.0 1.8 40.0 0.6 8.623520931956202 8.623510730577316 20
3.0 1.8 40.0 0.6 3.961079580480961 3.961073592318468 30
3.0 1.8 40.0 0.6 2.989966823232718 2.9899618511122013 35
3.0 1.8 40.0 0.6 2.362179809527561 2.362176776197739 40
3.0 1.8 40.0 0.6 1.613448971466148 1.6134467669677885 50
3.0 1.8 50.0 0.6 93.74016216566645 93.74184404721194 3
3.0 1.8 50.0 0.6 278.49187062145495 278.4898871287621 4
3.0 1.8 50.0 0.6 189.1377545704601 189.13730253927565 5
3.0 1.8 50.0 0.6 129.4643472623546 129.4639877506065 6
3.0 1.8 50.0 0.6 97.87219665069603 97.87187248169404 7
3.0 1.8 50.0 0.6 75.6134244873766 75.61314606203523 8
3.0 1.8 50.0 0.6 59.39819077271801 59.39801522962908 9
3.0 1.8 50.0 0.6 48.15526827177873 48.15511476986092 10
3.0 1.8 50.0 0.6 24.51182193456973 24.511744097907886 14
3.0 1.8 50.0 0.6 33.38513555506978 33.385030083226575 12
3.0 1.8 50.0 0.6 18.73991376684531 18.739855939612447 16
3.0 1.8 50.0 0.6 14.836749637815197 14.83670633550108 18
3.0 1.8 50.0 0.6 11.996885375369146 11.996848696895709 20
3.0 1.8 50.0 0.6 5.411413539556991 5.411397850855471 30
3.0 1.8 50.0 0.6 4.055942706927311 4.0559314840801495 35
3.0 1.8 50.0 0.6 3.1610311398490825 3.161022487388724 40
3.0 1.8 60.0 0.6 643.8471226019753 643.8489951004256 3
3.0 1.8 50.0 0.6 2.095554893235719 2.095549402833634 50
3.0 1.8 60.0 0.6 321.1469388994105 321.14733575120323 4
3.0 1.8 60.0 0.6 221.66472542241814 221.66491814571336 5
3.0 1.8 60.0 0.6 157.0229752869758 157.0227276931587 6
3.0 1.8 60.0 0.6 115.25250253263093 115.25242748557893 7
3.0 1.8 60.0 0.6 89.09182931643014 89.09170345180176 8
3.0 1.8 60.0 0.6 70.93300515086196 70.93285938437234 9
3.0 1.8 60.0 0.6 39.44407040225228 39.44400814238235 12
3.0 1.8 60.0 0.6 57.05073636805433 57.050662017973075 10
3.0 1.8 60.0 0.6 28.92425942892788 28.924218963357816 14
3.0 1.8 60.0 0.6 22.07525127969249 22.07521818618025 16
3.0 1.8 60.0 0.6 17.39886811464005 17.39884393961363 18
3.0 1.8 60.0 0.6 14.077650293705716 14.077632773179603 20
3.0 1.8 60.0 0.6 6.30020851218627 6.300200621944181 30
3.0 1.8 60.0 0.6 4.685710203290382 4.685704344085611 35
3.0 1.8 60.0 0.6 3.6355162795879643 3.6355127254208743 40
3.0 1.8 60.0 0.6 2.389045536643051 2.3890433049794693 50
4.0 1.8 10.0 0.6 3.229548986689585 3.2294400901466975 3
4.0 1.8 10.0 0.6 1.6284553219639897 1.628413737058993 4
4.0 1.8 10.0 0.6 2.1915200658173055 2.1914571257261226 5
4.0 1.8 10.0 0.6 1.9780652918360713 1.978026725790768 6
4.0 1.8 10.0 0.6 1.7844578483747793 1.784444804073568 7
4.0 1.8 10.0 0.6 1.6501072509251384 1.6500857951309627 9
4.0 1.8 10.0 0.6 1.6371581777379884 1.6371498871365153 8
4.0 1.8 10.0 0.6 1.4998872147857651 1.4998730996594252 10
4.0 1.8 10.0 0.6 1.3580910353611522 1.3580917824997734 12
4.0 1.8 10.0 0.6 1.186469569067684 1.1864670900742005 14
4.0 1.8 10.0 0.6 0.9734302201531881 0.973429711965839 18
4.0 1.8 10.0 0.6 1.0874225810457838 1.0874187972248959 16
4.0 1.8 10.0 0.6 0.8844549033996414 0.8844533277844756 20
4.0 1.8 10.0 0.6 0.5808905638866723 0.5808897484906288 35
4.0 1.8 10.0 0.6 0.6429806410871117 0.6429795633237922 30
4.0 1.8 10.0 0.6 0.5358488551734314 0.5358479198872006 40
4.0 1.8 10.0 0.6 0.49143102497317176 0.49142997787392767 50
4.0 1.8 20.0 0.6 2.100502692915063 2.1004332340264718 3
4.0 1.8 20.0 0.6 3.3882304213729006 3.3882048054019043 5
4.0 1.8 20.0 0.6 3.634071254321605 3.634035899306738 4
4.0 1.8 20.0 0.6 3.2204415176648746 3.2204003489214057 6
4.0 1.8 20.0 0.6 2.9249334811130616 2.924918440216325 7
4.0 1.8 20.0 0.6 2.6523077923426825 2.6522868598670737 8
4.0 1.8 20.0 0.6 2.5181318075410886 2.5181244422867124 9
4.0 1.8 20.0 0.6 2.2858912267335407 2.2858804252723983 10
4.0 1.8 20.0 0.6 1.9144624252780797 1.9144589250202821 12
4.0 1.8 20.0 0.6 1.6560164257858139 1.6560073747568074 14
4.0 1.8 20.0 0.6 1.4608728368819508 1.4608716534033257 16
4.0 1.8 20.0 0.6 1.299820611205117 1.2998181374020958 18
4.0 1.8 20.0 0.6 1.1505863828114329 1.1505865072858796 20
4.0 1.8 20.0 0.6 0.7749699444695899 0.7749698403407831 30
4.0 1.8 20.0 0.6 0.6696679625559762 0.6696679833052596 35
4.0 1.8 20.0 0.6 0.605687573965715 0.6056873211760918 40
4.0 1.8 20.0 0.6 0.5345642089444551 0.5345635752200085 50
4.0 1.8 30.0 0.6 9.407687445298066 9.407575272322783 3
4.0 1.8 30.0 0.6 6.522536039603045 6.522443484904264 4
4.0 1.8 30.0 0.6 7.0663291354663045 7.06612876256406 5
4.0 1.8 30.0 0.6 5.82188151502943 5.821753276971073 6
4.0 1.8 30.0 0.6 4.821171559161446 4.821093721816174 7
4.0 1.8 30.0 0.6 4.478098954117428 4.478019241790673 8
4.0 1.8 30.0 0.6 3.9235554202960974 3.9234775719064703 9
4.0 1.8 30.0 0.6 3.4435609808555445 3.443504199637522 10
4.0 1.8 30.0 0.6 2.844939070430393 2.8449037857111468 12
4.0 1.8 30.0 0.6 2.3498604592867713 2.3498365775223387 14
4.0 1.8 30.0 0.6 1.9886444107935888 1.9886242711008901 16
4.0 1.8 30.0 0.6 1.7165489028270582 1.7165329228818798 18
4.0 1.8 30.0 0.6 1.5077824155992332 1.5077724548475537 20
4.0 1.8 30.0 0.6 0.9264455950945307 0.9264415010143918 30
4.0 1.8 30.0 0.6 0.7836069237289277 0.7836030760115914 35
4.0 1.8 30.0 0.6 0.6986760997937025 0.6986731380752765 40
4.0 1.8 30.0 0.6 0.5850202271299464 0.5850190184349117 50
4.0 1.8 40.0 0.6 10.414082579641285 10.413947984280162 3
4.0 1.8 40.0 0.6 11.841858196294902 11.841691481649413 4
4.0 1.8 40.0 0.6 9.494204698592647 9.494088805266 6
4.0 1.8 40.0 0.6 11.105950751839659 11.105871207799375 5
4.0 1.8 40.0 0.6 6.58345343166511 6.583401054070166 8
4.0 1.8 40.0 0.6 8.137619228447802 8.137540134021197 7
4.0 1.8 40.0 0.6 5.629538577802785 5.629510392424473 9
4.0 1.8 40.0 0.6 4.932903441144272 4.932880088504302 10
4.0 1.8 40.0 0.6 3.8579085107352817 3.8578881471831368 12
4.0 1.8 40.0 0.6 3.0931204923811744 3.093108557266462 14
4.0 1.8 40.0 0.6 2.5809771059768973 2.580965595274997 16
4.0 1.8 40.0 0.6 2.168657195013931 2.1686514011989306 18
4.0 1.8 40.0 0.6 1.8746307675123826 1.8746260308168459 20
4.0 1.8 40.0 0.6 1.0853104053882539 1.085307848338303 30
4.0 1.8 40.0 0.6 0.8965303870107061 0.8965289315116644 35
4.0 1.8 40.0 0.6 0.63939106045702 0.6393901314646152 50
4.0 1.8 40.0 0.6 0.781988964766634 0.7819878391483313 40
4.0 1.8 50.0 0.6 232.79786766067792 232.79643000074395 3
4.0 1.8 50.0 0.6 97.4033854005886 97.40351034017299 4
4.0 1.8 50.0 0.6 66.14799905075014 66.14784718950561 5
4.0 1.8 50.0 0.6 35.1440325883394 35.143998980381326 7
4.0 1.8 50.0 0.6 46.14485126875348 46.14480318873827 6
4.0 1.8 50.0 0.6 26.912129608279688 26.912123740550452 8
4.0 1.8 50.0 0.6 21.582285926792 21.58226892192581 9
4.0 1.8 50.0 0.6 12.379730100003213 12.379720153903323 12
4.0 1.8 50.0 0.6 9.213581794130187 9.213575326096903 14
4.0 1.8 50.0 0.6 7.17233545306744 7.172327665758692 16
4.0 1.8 50.0 0.6 4.722358403295162 4.722355094627804 20
4.0 1.8 50.0 0.6 5.748886375857122 5.748882937557134 18
4.0 1.8 50.0 0.6 2.2833081565507687 2.283306560882835 30
4.0 1.8 50.0 0.6 1.7613788453071215 1.7613775598657821 35
4.0 1.8 50.0 0.6 1.0347180231981812 1.034717191273449 50
4.0 1.8 50.0 0.6 1.4337568295879666 1.4337562351165998 40
4.0 1.8 60.0 0.6 231.72627878333262 231.72631858869502 3
4.0 1.8 60.0 0.6 241.62445291281645 241.62354918525395 4
4.0 1.8 60.0 0.6 164.51374544490594 164.5135708763264 5
4.0 1.8 60.0 0.6 111.49747618849175 111.49739218587827 6
4.0 1.8 50.0 0.6 17.53676663945541 17.53676003353587 10
4.0 1.8 60.0 0.6 85.78816581031155 85.78802736756344 7
4.0 1.8 60.0 0.6 65.59259667694883 65.59245206163547 8
4.0 1.8 60.0 0.6 51.72302141357244 51.722962088296235 9
4.0 1.8 60.0 0.6 41.88871459385627 41.88862258195828 10
4.0 1.8 60.0 0.6 21.205353118955305 21.205309166795445 14
4.0 1.8 60.0 0.6 29.028703459324806 29.02864309592615 12
4.0 1.8 60.0 0.6 16.23604091777396 16.236006924975957 16
4.0 1.8 60.0 0.6 12.802131903305812 12.802105578140873 18
4.0 1.8 60.0 0.6 10.378560169632975 10.378539947509818 20
4.0 1.8 60.0 0.6 4.688236736656937 4.688227370616316 30
4.0 1.8 60.0 0.6 3.512322508486535 3.5123159799518198 35
4.0 1.8 60.0 0.6 2.744343398678409 2.744337966250145 40
4.0 1.8 60.0 0.6 1.8375507980131327 1.83754755638498 50
5.0 1.8 10.0 0.6 2.2226855397438863 2.222703036861429 3
5.0 1.8 10.0 0.6 1.9293600949293819 1.9293573011442529 5
5.0 1.8 10.0 0.6 2.4849086623802994 2.4849659235948227 4
5.0 1.8 10.0 0.6 1.9024321869378593 1.9024481069615897 6
5.0 1.8 10.0 0.6 1.759823172505506 1.7598419124712263 7
5.0 1.8 10.0 0.6 1.6814280880036845 1.6814469934757987 8
5.0 1.8 10.0 0.6 1.5528046077706734 1.5528180681739303 9
5.0 1.8 10.0 0.6 1.4158600868487417 1.4158769710787003 10
5.0 1.8 10.0 0.6 1.2392592673276333 1.2392713135560713 12
5.0 1.8 10.0 0.6 0.9725578689273989 0.9725655160402851 16
5.0 1.8 10.0 0.6 1.0878410571236135 1.0878509044879343 14
5.0 1.8 10.0 0.6 0.8809002850463654 0.8809074046292521 18
5.0 1.8 10.0 0.6 0.7941346782266792 0.794139189219673 20
5.0 1.8 10.0 0.6 0.5737920166120754 0.573794210460088 30
5.0 1.8 10.0 0.6 0.5229349221886221 0.5229368124265775 35
5.0 1.8 10.0 0.6 0.48524906215295865 0.48525073182246137 40
5.0 1.8 10.0 0.6 0.4476507705382493 0.44765176902875115 50
5.0 1.8 20.0 0.6 3.424143280540891 3.4241866883786076 3
5.0 1.8 20.0 0.6 4.560394348224301 4.560390978771525 4
5.0 1.8 20.0 0.6 3.6652467120496435 3.665225397126066 5
5.0 1.8 20.0 0.6 3.4692503473186993 3.4692353564765765 6
5.0 1.8 20.0 0.6 3.0184235847406167 3.018401206108272 7
5.0 1.8 20.0 0.6 2.701196855513531 2.7011834208900836 8
5.0 1.8 20.0 0.6 2.4433678047142724 2.4433469533578407 9
5.0 1.8 20.0 0.6 2.268822386648326 2.2688113041092843 10
5.0 1.8 20.0 0.6 1.8721026731484185 1.8720930264002036 12
5.0 1.8 20.0 0.6 1.584548852875525 1.5845417644272524 14
5.0 1.8 20.0 0.6 1.3599754664361503 1.3599714908629585 16
5.0 1.8 20.0 0.6 1.1892886432313476 1.1892826499811566 18
5.0 1.8 20.0 0.6 1.0534665805649819 1.053464104830836 20
5.0 1.8 20.0 0.6 0.6906735444304178 0.6906719925774968 30
5.0 1.8 20.0 0.6 0.6085498166381601 0.6085483522077387 35
5.0 1.8 20.0 0.6 0.5521500207310369 0.5521495166556558 40
5.0 1.8 20.0 0.6 0.48706863480403595 0.48706763902750205 50
5.0 1.8 30.0 0.6 3.597808368258967 3.597843255527501 3
5.0 1.8 30.0 0.6 5.511632873061081 5.511498420238354 4
5.0 1.8 30.0 0.6 4.685043821057263 4.685035002977488 5
5.0 1.8 30.0 0.6 4.183438164262394 4.183416261920722 6
5.0 1.8 30.0 0.6 3.948437544219839 3.948425437095325 7
5.0 1.8 30.0 0.6 3.453176149474307 3.453156444891276 8
5.0 1.8 30.0 0.6 3.0325838070484172 3.0325654060853267 9
5.0 1.8 30.0 0.6 2.899522976021305 2.8994978588310745 10
5.0 1.8 30.0 0.6 2.3529786569152376 2.352966816168266 12
5.0 1.8 30.0 0.6 1.9443230437386445 1.9443166809306758 14
5.0 1.8 30.0 0.6 1.689174324578127 1.689169752301541 16
5.0 1.8 30.0 0.6 1.4406592782349998 1.440655981047836 18
5.0 1.8 30.0 0.6 1.2699087977061938 1.2699053069217843 20
5.0 1.8 30.0 0.6 0.7918295534556504 0.7918282840530079 30
5.0 1.8 30.0 0.6 0.6079563018962518 0.6079559147036808 40
5.0 1.8 30.0 0.6 0.6786113428180641 0.6786109214309555 35
5.0 1.8 30.0 0.6 0.5171397091657624 0.5171391019497908 50
5.0 1.8 40.0 0.6 7.462397658652243 7.462464538493289 3
5.0 1.8 40.0 0.6 6.596812136479828 6.59681188234556 5
5.0 1.8 40.0 0.6 7.390928512330357 7.391008575664058 4
5.0 1.8 40.0 0.6 6.045259511725261 6.045232480089495 6
5.0 1.8 40.0 0.6 5.224329764506847 5.224324086086732 7
5.0 1.8 40.0 0.6 4.46124940177234 4.461234680024236 8
5.0 1.8 40.0 0.6 3.8802884081058053 3.8802875914333117 9
5.0 1.8 40.0 0.6 3.4990844677152237 3.499074552529543 10
5.0 1.8 40.0 0.6 2.737629636456101 2.7376149651881603 12
5.0 1.8 40.0 0.6 2.261699998049023 2.2616928573518735 14
5.0 1.8 40.0 0.6 1.9069108040356142 1.90690807344431 16
5.0 1.8 40.0 0.6 1.6459723570522005 1.6459722518547428 18
5.0 1.8 40.0 0.6 1.4299361545770612 1.4299315840716977 20
5.0 1.8 40.0 0.6 0.8611393194686094 0.861138415028956 30
5.0 1.8 40.0 0.6 0.7251531122319681 0.7251529765511927 35
5.0 1.8 40.0 0.6 0.642990026415644 0.6429897141639244 40
5.0 1.8 40.0 0.6 0.540829183304546 0.5408288734145696 50
5.0 1.8 50.0 0.6 8.025440505684317 8.025404012250169 3
5.0 1.8 50.0 0.6 9.55322059886648 9.553147968457084 4
5.0 1.8 50.0 0.6 8.657890608719814 8.657788543089287 5
5.0 1.8 50.0 0.6 7.461968556808447 7.461858861655394 6
5.0 1.8 50.0 0.6 6.516304177246777 6.516207935608346 7
5.0 1.8 50.0 0.6 5.531612783111345 5.531554204432034 8
5.0 1.8 50.0 0.6 4.769713570006252 4.769642622925375 9
5.0 1.8 50.0 0.6 4.126781367797985 4.126745240686675 10
5.0 1.8 50.0 0.6 2.6743069713811907 2.6742820339196505 14
5.0 1.8 50.0 0.6 3.2606394075320293 3.2606084834008184 12
5.0 1.8 50.0 0.6 2.222232924535826 2.222215881560514 16
5.0 1.8 50.0 0.6 1.8799648859711413 1.879949051371304 18
5.0 1.8 50.0 0.6 1.6360611725990295 1.6360486282175515 20
5.0 1.8 50.0 0.6 0.9485392427592472 0.948534238076283 30
5.0 1.8 50.0 0.6 0.7916668796464819 0.791663289238485 35
5.0 1.8 50.0 0.6 0.6924145906158776 0.6924111256646027 40
5.0 1.8 60.0 0.6 10.184753214760345 10.184331243052036 3
5.0 1.8 50.0 0.6 0.5673695373537556 0.567367954084083 50
5.0 1.8 60.0 0.6 11.875793174875865 11.875622039211015 4
5.0 1.8 60.0 0.6 8.977921241265621 8.977827356892405 5
5.0 1.8 60.0 0.6 7.915230532004056 7.915203874405513 6
5.0 1.8 60.0 0.6 6.862428245746453 6.862368605108664 7
5.0 1.8 60.0 0.6 5.53090585966046 5.530879524329131 8
5.0 1.8 60.0 0.6 5.049778355760637 5.04974923630312 9
5.0 1.8 60.0 0.6 4.318437192314863 4.3184221140256245 10
5.0 1.8 60.0 0.6 3.4108720066976908 3.4108582132996004 12
5.0 1.8 60.0 0.6 2.7448366405836935 2.7448275295043247 14
5.0 1.8 60.0 0.6 1.950581697404102 1.9505735453835933 18
5.0 1.8 60.0 0.6 2.293173301475139 2.293165180436607 16
5.0 1.8 60.0 0.6 1.6671978033176993 1.6671902307120245 20
5.0 1.8 60.0 0.6 0.9666824114592727 0.9666803063125574 30
5.0 1.8 60.0 0.6 0.7998499372864709 0.7998475987657443 35
5.0 1.8 60.0 0.6 0.699200245311455 0.6991980196272013 40
5.0 1.8 60.0 0.6 0.5742267320917622 0.5742253209792306 50
5.0 1.8 70.0 0.6 56.01654394739279 56.01654862907393 3
5.0 1.8 70.0 0.6 37.56082071408724 37.56123358531694 5
5.0 1.8 70.0 0.6 51.461630288248784 51.462317816164315 4
5.0 1.8 70.0 0.6 28.008950634435486 28.009306700069406 6
5.0 1.8 70.0 0.6 21.422309952353014 21.422547406667448 7
5.0 1.8 70.0 0.6 16.86356338589896 16.863756826473537 8
5.0 1.8 70.0 0.6 13.659824054135408 13.659958568178226 9
5.0 1.8 70.0 0.6 11.386140411659845 11.38625339535929 10
5.0 1.8 70.0 0.6 8.201387514285035 8.201450548402839 12
5.0 1.8 70.0 0.6 6.21577898309469 6.21584271027695 14
5.0 1.8 70.0 0.6 4.894669712780299 4.894710544462958 16
5.0 1.8 70.0 0.6 3.961687935229989 3.961720517941055 18
5.0 1.8 70.0 0.6 3.2883833279840475 3.288409324128598 20
5.0 1.8 70.0 0.6 1.648911789805531 1.6489228992927876 30
5.0 1.8 70.0 0.6 1.293221372526586 1.2932279091526224 35
5.0 1.8 70.0 0.6 1.0774069513185078 1.0774127442911128 40
5.0 1.8 70.0 0.6 0.8093618103999998 0.8093652610575903 50
6.0 1.8 10.0 0.6 1.0110291989330389 1.011032461880473 3
6.0 1.8 10.0 0.6 1.2858237752632646 1.2858721659243684 4
6.0 1.8 10.0 0.6 1.561139579984236 1.5611658779606121 5
6.0 1.8 10.0 0.6 1.7128502914549588 1.7128612664223897 6
6.0 1.8 10.0 0.6 1.4589440874547948 1.45897352033919 7
6.0 1.8 10.0 0.6 1.3834781330851476 1.3834867255298333 8
6.0 1.8 10.0 0.6 1.3074339801080321 1.3074347005078455 9
6.0 1.8 10.0 0.6 1.2012449089735495 1.2012472512031005 10
6.0 1.8 10.0 0.6 1.078256123012545 1.0782654673976022 12
6.0 1.8 10.0 0.6 0.9444838650067676 0.9444926395634267 14
6.0 1.8 10.0 0.6 0.8287784620697881 0.8287793874812277 16
6.0 1.8 10.0 0.6 0.755452955326213 0.7554537814840765 18
6.0 1.8 10.0 0.6 0.697026072540792 0.6970289522836245 20
6.0 1.8 10.0 0.6 0.5050754065169873 0.5050751237772754 30
6.0 1.8 10.0 0.6 0.4589689552674756 0.45896966080029844 35
6.0 1.8 10.0 0.6 0.4354413436949467 0.4354424134272602 40
6.0 1.8 10.0 0.6 0.4121686864474285 0.4121696142509944 50
6.0 1.8 20.0 0.6 3.9772118924676407 3.9773069796369476 3
6.0 1.8 20.0 0.6 3.180730826920652 3.1807122689260416 4
6.0 1.8 20.0 0.6 3.054213362817515 3.0542108496454214 5
6.0 1.8 20.0 0.6 2.769196285919374 2.7692029997876038 6
6.0 1.8 20.0 0.6 2.6275825029651405 2.6275923025326127 7
6.0 1.8 20.0 0.6 2.3832099890225846 2.383234022248499 8
6.0 1.8 20.0 0.6 2.1684749606363027 2.1684851755661785 9
6.0 1.8 20.0 0.6 1.9972260742616017 1.9972303784917091 10
6.0 1.8 20.0 0.6 1.629336575304743 1.6293414640673922 12
6.0 1.8 20.0 0.6 1.4242973347091215 1.424302125612333 14
6.0 1.8 20.0 0.6 1.2064743762912193 1.2064775870456972 16
6.0 1.8 20.0 0.6 1.0596841946622568 1.0596897675199193 18
6.0 1.8 20.0 0.6 0.9438667773921653 0.9438694551377416 20
6.0 1.8 20.0 0.6 0.6242515783267782 0.6242534762106531 30
6.0 1.8 20.0 0.6 0.5424316421311903 0.5424326477413455 35
6.0 1.8 20.0 0.6 0.5027488441585632 0.5027495806750022 40
6.0 1.8 20.0 0.6 0.4486006464511091 0.44860058340196607 50
6.0 1.8 30.0 0.6 5.268175587754516 5.267956878267679 3
6.0 1.8 30.0 0.6 6.799107402416516 6.799114383423443 4
6.0 1.8 30.0 0.6 5.35192366021607 5.351858412254536 5
6.0 1.8 30.0 0.6 4.800464554130835 4.8004823060382025 6
6.0 1.8 30.0 0.6 4.173542647157945 4.173555204096009 7
6.0 1.8 30.0 0.6 3.6945310499899775 3.6945192916391147 8
6.0 1.8 30.0 0.6 3.309940729639869 3.309943072163808 9
6.0 1.8 30.0 0.6 2.8903256707445046 2.890323652912914 10
6.0 1.8 30.0 0.6 2.3215937616736793 2.3215897695808927 12
6.0 1.8 30.0 0.6 1.8908652029143083 1.8908626892357183 14
6.0 1.8 30.0 0.6 1.3708420934514831 1.370842234043814 18
6.0 1.8 30.0 0.6 1.6022628388081344 1.602262421021252 16
6.0 1.8 30.0 0.6 1.205293226808233 1.2052927937309172 20
6.0 1.8 30.0 0.6 0.7358133822817822 0.7358140378166298 30
6.0 1.8 30.0 0.6 0.6282443762633241 0.6282442368496687 35
6.0 1.8 30.0 0.6 0.5694680223901332 0.5694671855141717 40
6.0 1.8 30.0 0.6 0.4856694986575426 0.485669467168212 50
6.0 1.8 40.0 0.6 8.221637478351871 8.221349823354695 3
6.0 1.8 40.0 0.6 6.658833722819572 6.658584394019861 4
6.0 1.8 40.0 0.6 6.396440329885068 6.396242462072673 5
6.0 1.8 40.0 0.6 5.76500254683868 5.764885507237658 6
6.0 1.8 40.0 0.6 5.059067877624144 5.058952566521931 7
6.0 1.8 40.0 0.6 4.248777281178361 4.248697843003709 8
6.0 1.8 40.0 0.6 3.8229980400918713 3.8229616768257193 9
6.0 1.8 40.0 0.6 3.3187786790899807 3.318735068051563 10
6.0 1.8 40.0 0.6 2.687688003957378 2.687660668282132 12
6.0 1.8 40.0 0.6 2.175149945640955 2.175127305054904 14
6.0 1.8 40.0 0.6 1.8098583546084406 1.8098438601604088 16
6.0 1.8 40.0 0.6 1.326428730320813 1.3264183802173444 20
6.0 1.8 40.0 0.6 1.5366239567935664 1.5366121471397602 18
6.0 1.8 40.0 0.6 0.7912632052250261 0.7912599185476539 30
6.0 1.8 40.0 0.6 0.6663410841723213 0.666337691152527 35
6.0 1.8 40.0 0.6 0.5997492940168053 0.5997471094243588 40
6.0 1.8 40.0 0.6 0.5036946123049629 0.5036932101385445 50
6.0 1.8 50.0 0.6 8.42409897707329 8.424055424668772 3
6.0 1.8 50.0 0.6 11.91411655323968 11.91385968179371 4
6.0 1.8 50.0 0.6 10.106030532672067 10.10596525208461 5
6.0 1.8 50.0 0.6 8.3845256055828 8.384480024550808 6
6.0 1.8 50.0 0.6 6.998192345826508 6.99816165187979 7
6.0 1.8 50.0 0.6 5.914056049326083 5.914018211939981 8
6.0 1.8 50.0 0.6 5.030681072267064 5.030667848191892 9
6.0 1.8 50.0 0.6 4.413954506519572 4.4139360283356215 10
6.0 1.8 50.0 0.6 3.399654241901086 3.3996419593699 12
6.0 1.8 50.0 0.6 2.738278523520552 2.738272261225005 14
6.0 1.8 50.0 0.6 1.8893720917477297 1.8893697421267492 18
6.0 1.8 50.0 0.6 2.2401914443791 2.240184945763709 16
6.0 1.8 50.0 0.6 1.6118523111329164 1.6118465187491497 20
6.0 1.8 50.0 0.6 0.7569414697924398 0.7569404689321627 35
6.0 1.8 50.0 0.6 0.9186899498537852 0.9186875618902499 30
6.0 1.8 50.0 0.6 0.6667410200637598 0.6667396126102406 40
6.0 1.8 50.0 0.6 0.5454058445768628 0.5454051560190959 50
6.0 1.8 60.0 0.6 10.930461782112195 10.930330241749932 3
6.0 1.8 60.0 0.6 9.279902730312207 9.27994580637277 5
6.0 1.8 60.0 0.6 11.351634204847507 11.35174117142883 4
6.0 1.8 60.0 0.6 8.574608096468562 8.574662965582808 6
6.0 1.8 60.0 0.6 7.242780602558048 7.242805971031435 7
6.0 1.8 60.0 0.6 6.140439493849274 6.1404712017572045 8
6.0 1.8 60.0 0.6 5.19070262357256 5.190720995766668 9
6.0 1.8 60.0 0.6 4.563085215748382 4.563116751444728 10
6.0 1.8 60.0 0.6 3.5604888366260528 3.560507577936331 12
6.0 1.8 60.0 0.6 2.3547761014327655 2.3547887460067294 16
6.0 1.8 60.0 0.6 2.8580025786635144 2.858015870498615 14
6.0 1.8 60.0 0.6 1.9616402883240356 1.961649549510922 18
6.0 1.8 60.0 0.6 0.952825294005714 0.9528294602795901 30
6.0 1.8 60.0 0.6 1.6836916728925744 1.6836999203523026 20
6.0 1.8 60.0 0.6 0.7792345930260601 0.7792377837326359 35
6.0 1.8 60.0 0.6 0.6872233618343223 0.6872260824294969 40
6.0 1.8 60.0 0.6 0.5596141426644242 0.5596157007028161 50
6.0 1.8 70.0 0.6 22.1019755052984 22.1012531643357 4
6.0 1.8 70.0 0.6 28.107070421752578 28.105814819337617 3
6.0 1.8 70.0 0.6 18.553432759451 18.552799257315602 5
6.0 1.8 70.0 0.6 14.299760691992816 14.299392945100633 6
6.0 1.8 70.0 0.6 11.39367304245103 11.393470767124736 7
6.0 1.8 70.0 0.6 9.43091752250364 9.430735939460368 8
6.0 1.8 70.0 0.6 7.934439336022153 7.934277575359225 9
6.0 1.8 70.0 0.6 6.674030420920221 6.673925187097633 10
6.0 1.8 70.0 0.6 5.033328031773844 5.033255943167115 12
6.0 1.8 70.0 0.6 3.884410981811877 3.884355537481633 14
6.0 1.8 70.0 0.6 3.148681068777385 3.148638422467381 16
6.0 1.8 70.0 0.6 2.576730996273046 2.5766992822547934 18
6.0 1.8 70.0 0.6 2.172617880660926 2.1725936656489155 20
6.0 1.8 70.0 0.6 1.1585386145400782 1.1585273691777107 30
6.0 1.8 70.0 0.6 0.9319635933143116 0.9319563701893884 35
6.0 1.8 70.0 0.6 0.7980493238273669 0.7980429110519762 40
6.0 1.8 70.0 0.6 0.627000286952803 0.62699607592165 50
